111011011101101110110111011011101101110110
111011011101101110110111011011101101010110
11101101110110111011011101101110110111010
11101101110110111011011101101110110101010
111011011101101110110111011011101101010
111011011101101110110111011010101101110110
111011011101101110110111011010101101010110
11101101110110111011011101101010110111010
11101101110110111011011101101010110101010
111011011101101110110111011010101101010
111011011101101110110101011011101101110110
111011011101101110110101011011101101010110
11101101110110111011010101101110110111010
11101101110110111011010101101110110101010
111011011101101110110101011011101101010
111011011101101110110101011010101101110110
111011011101101110110101011010101101010110
11101101110110111011010101101010110111010
11101101110110111011010101101010110101010
111011011101101110110101011010101101010
111011010101101110110111011011101101110110
111011010101101110110111011011101101010110
11101101010110111011011101101110110111010
11101101010110111011011101101110110101010
111011010101101110110111011011101101010
111011010101101110110111011010101101110110
111011010101101110110111011010101101010110
11101101010110111011011101101010110111010
11101101010110111011011101101010110101010
111011010101101110110111011010101101010
111011010101101110110101011011101101110110
111011010101101110110101011011101101010110
11101101010110111011010101101110110111010
11101101010110111011010101101110110101010
111011010101101110110101011011101101010
111011010101101110110101011010101101110110
111011010101101110110101011010101101010110
11101101010110111011010101101010110111010
11101101010110111011010101101010110101010
111011010101101110110101011010101101010
101011011101101110110111011011101101110110
101011011101101110110111011011101101010110
10101101110110111011011101101110110111010
10101101110110111011011101101110110101010
101011011101101110110111011011101101010
101011011101101110110111011010101101110110
101011011101101110110111011010101101010110
10101101110110111011011101101010110111010
10101101110110111011011101101010110101010
101011011101101110110111011010101101010
101011011101101110110101011011101101110110
101011011101101110110101011011101101010110
10101101110110111011010101101110110111010
10101101110110111011010101101110110101010
101011011101101110110101011011101101010
101011011101101110110101011010101101110110
101011011101101110110101011010101101010110
10101101110110111011010101101010110111010
10101101110110111011010101101010110101010
101011011101101110110101011010101101010
101011010101101110110111011011101101110110
101011010101101110110111011011101101010110
10101101010110111011011101101110110111010
10101101010110111011011101101110110101010
101011010101101110110111011011101101010
101011010101101110110111011010101101110110
101011010101101110110111011010101101010110
10101101010110111011011101101010110111010
10101101010110111011011101101010110101010
101011010101101110110111011010101101010
101011010101101110110101011011101101110110
101011010101101110110101011011101101010110
10101101010110111011010101101110110111010
10101101010110111011010101101110110101010
101011010101101110110101011011101101010
101011010101101110110101011010101101110110
101011010101101110110101011010101101010110
10101101010110111011010101101010110111010
10101101010110111011010101101010110101010
101011010101101110110101011010101101010
111011011101101010110111011011101101110110
111011011101101010110111011011101101010110
11101101110110101011011101101110110111010
11101101110110101011011101101110110101010
111011011101101010110111011011101101010
111011011101101010110111011010101101110110
111011011101101010110111011010101101010110
11101101110110101011011101101010110111010
11101101110110101011011101101010110101010
111011011101101010110111011010101101010
111011011101101010110101011011101101110110
111011011101101010110101011011101101010110
11101101110110101011010101101110110111010
11101101110110101011010101101110110101010
111011011101101010110101011011101101010
111011011101101010110101011010101101110110
111011011101101010110101011010101101010110
11101101110110101011010101101010110111010
11101101110110101011010101101010110101010
111011011101101010110101011010101101010
111011010101101010110111011011101101110110
111011010101101010110111011011101101010110
11101101010110101011011101101110110111010
11101101010110101011011101101110110101010
111011010101101010110111011011101101010
111011010101101010110111011010101101110110
111011010101101010110111011010101101010110
11101101010110101011011101101010110111010
11101101010110101011011101101010110101010
111011010101101010110111011010101101010
111011010101101010110101011011101101110110
111011010101101010110101011011101101010110
11101101010110101011010101101110110111010
11101101010110101011010101101110110101010
111011010101101010110101011011101101010
111011010101101010110101011010101101110110
111011010101101010110101011010101101010110
11101101010110101011010101101010110111010
11101101010110101011010101101010110101010
111011010101101010110101011010101101010
101011011101101010110111011011101101110110
101011011101101010110111011011101101010110
10101101110110101011011101101110110111010
10101101110110101011011101101110110101010
101011011101101010110111011011101101010
101011011101101010110111011010101101110110
101011011101101010110111011010101101010110
10101101110110101011011101101010110111010
10101101110110101011011101101010110101010
101011011101101010110111011010101101010
101011011101101010110101011011101101110110
101011011101101010110101011011101101010110
10101101110110101011010101101110110111010
10101101110110101011010101101110110101010
101011011101101010110101011011101101010
101011011101101010110101011010101101110110
101011011101101010110101011010101101010110
10101101110110101011010101101010110111010
10101101110110101011010101101010110101010
101011011101101010110101011010101101010
101011010101101010110111011011101101110110
101011010101101010110111011011101101010110
10101101010110101011011101101110110111010
10101101010110101011011101101110110101010
101011010101101010110111011011101101010
101011010101101010110111011010101101110110
101011010101101010110111011010101101010110
10101101010110101011011101101010110111010
10101101010110101011011101101010110101010
101011010101101010110111011010101101010
101011010101101010110101011011101101110110
101011010101101010110101011011101101010110
10101101010110101011010101101110110111010
10101101010110101011010101101110110101010
101011010101101010110101011011101101010
101011010101101010110101011010101101110110
101011010101101010110101011010101101010110
10101101010110101011010101101010110111010
10101101010110101011010101101010110101010
101011010101101010110101011010101101010
111011011101101110111011011101101110
111011011101101110111011011101101010
111011011101101110111011010101101110
111011011101101110111011010101101010
111011011101101110101011011101101110
111011011101101110101011011101101010
111011011101101110101011010101101110
111011011101101110101011010101101010
111011010101101110111011011101101110
111011010101101110111011011101101010
111011010101101110111011010101101110
111011010101101110111011010101101010
111011010101101110101011011101101110
111011010101101110101011011101101010
111011010101101110101011010101101110
111011010101101110101011010101101010
101011011101101110111011011101101110
101011011101101110111011011101101010
101011011101101110111011010101101110
101011011101101110111011010101101010
101011011101101110101011011101101110
101011011101101110101011011101101010
101011011101101110101011010101101110
101011011101101110101011010101101010
101011010101101110111011011101101110
101011010101101110111011011101101010
101011010101101110111011010101101110
101011010101101110111011010101101010
101011010101101110101011011101101110
101011010101101110101011011101101010
101011010101101110101011010101101110
101011010101101110101011010101101010
1110110111011011101101110110
1110110111011011101101010110
111011011101101110110111010
111011011101101110110101010
11101101110110111011011101100
11101101110110111011010101100
111011011101101110110111011100
111011011101101110110101011100
1110110111011010101101110110
1110110111011010101101010110
111011011101101010110111010
111011011101101010110101010
11101101110110101011011101100
11101101110110101011010101100
111011011101101010110111011100
111011011101101010110101011100
1010110111011011101101110110
1010110111011011101101010110
101011011101101110110111010
101011011101101110110101010
10101101110110111011011101100
10101101110110111011010101100
101011011101101110110111011100
101011011101101110110101011100
1010110111011010101101110110
1010110111011010101101010110
101011011101101010110111010
101011011101101010110101010
10101101110110101011011101100
10101101110110101011010101100
101011011101101010110111011100
101011011101101010110101011100
1110110101011011101101110110
1110110101011011101101010110
111011010101101110110111010
111011010101101110110101010
11101101010110111011011101100
11101101010110111011010101100
111011010101101110110111011100
111011010101101110110101011100
1110110101011010101101110110
1110110101011010101101010110
111011010101101010110111010
111011010101101010110101010
11101101010110101011011101100
11101101010110101011010101100
111011010101101010110111011100
111011010101101010110101011100
1010110101011011101101110110
1010110101011011101101010110
101011010101101110110111010
101011010101101110110101010
10101101010110111011011101100
10101101010110111011010101100
101011010101101110110111011100
101011010101101110110101011100
1010110101011010101101110110
1010110101011010101101010110
101011010101101010110111010
101011010101101010110101010
10101101010110101011011101100
10101101010110101011010101100
101011010101101010110111011100
101011010101101010110101011100