10110101011010110101011010101101011010
1011010101101011010101101011101011010
1011010101101011010111010101101011010
101101010110101101011101011101011010
1011010101101011010101101101101011010
101101010110101101010110111101011010
10110101011010110101011010101101011010
1011010101101011010101101011101011010
1011010111010110101011010101101011010
101101011101011010101101011101011010
101101011101011010111010101101011010
10110101110101101011101011101011010
101101011101011010101101101101011010
10110101110101101010110111101011010
1011010111010110101011010101101011010
101101011101011010101101011101011010
1110101011010110101011010101101011010
111010101101011010101101011101011010
111010101101011010111010101101011010
11101010110101101011101011101011010
111010101101011010101101101101011010
11101010110101101010110111101011010
1110101011010110101011010101101011010
111010101101011010101101011101011010
111010111010110101011010101101011010
11101011101011010101101011101011010
11101011101011010111010101101011010
1110101110101101011101011101011010
11101011101011010101101101101011010
1110101110101101010110111101011010
111010111010110101011010101101011010
11101011101011010101101011101011010
1011011011010110101011010101101011010
101101101101011010101101011101011010
101101101101011010111010101101011010
10110110110101101011101011101011010
101101101101011010101101101101011010
10110110110101101010110111101011010
1011011011010110101011010101101011010
101101101101011010101101011101011010
101101111010110101011010101101011010
10110111101011010101101011101011010
10110111101011010111010101101011010
1011011110101101011101011101011010
10110111101011010101101101101011010
1011011110101101010110111101011010
101101111010110101011010101101011010
10110111101011010101101011101011010
10110101011010110101011010101101011010
1011010101101011010101101011101011010
1011010101101011010111010101101011010
101101010110101101011101011101011010
1011010101101011010101101101101011010
101101010110101101010110111101011010
10110101011010110101011010101101011010
1011010101101011010101101011101011010
1011010111010110101011010101101011010
101101011101011010101101011101011010
101101011101011010111010101101011010
10110101110101101011101011101011010
101101011101011010101101101101011010
10110101110101101010110111101011010
1011010111010110101011010101101011010
101101011101011010101101011101011010
10110101011010110101101010110101100
1011010101101011010110101110101100
1011010101101011011101010110101100
101101010110101101110101110101100
1011010101101011010110110110101100
101101010110101101011011110101100
10110101011010110101101010110101100
1011010101101011010110101110101100
1011010111010110101101010110101100
101101011101011010110101110101100
101101011101011011101010110101100
10110101110101101110101110101100
101101011101011010110110110101100
10110101110101101011011110101100
1011010111010110101101010110101100
101101011101011010110101110101100
1110101011010110101101010110101100
111010101101011010110101110101100
111010101101011011101010110101100
11101010110101101110101110101100
111010101101011010110110110101100
11101010110101101011011110101100
1110101011010110101101010110101100
111010101101011010110101110101100
111010111010110101101010110101100
11101011101011010110101110101100
11101011101011011101010110101100
1110101110101101110101110101100
11101011101011010110110110101100
1110101110101101011011110101100
111010111010110101101010110101100
11101011101011010110101110101100
1011011011010110101101010110101100
101101101101011010110101110101100
101101101101011011101010110101100
10110110110101101110101110101100
101101101101011010110110110101100
10110110110101101011011110101100
1011011011010110101101010110101100
101101101101011010110101110101100
101101111010110101101010110101100
10110111101011010110101110101100
10110111101011011101010110101100
1011011110101101110101110101100
10110111101011010110110110101100
1011011110101101011011110101100
101101111010110101101010110101100
10110111101011010110101110101100
10110101011010110101101010110101100
1011010101101011010110101110101100
1011010101101011011101010110101100
101101010110101101110101110101100
1011010101101011010110110110101100
101101010110101101011011110101100
10110101011010110101101010110101100
1011010101101011010110101110101100
1011010111010110101101010110101100
101101011101011010110101110101100
101101011101011011101010110101100
10110101110101101110101110101100
101101011101011010110110110101100
10110101110101101011011110101100
1011010111010110101101010110101100
101101011101011010110101110101100
10110101011011101011010101101110
1011010101101110101101011101110
1011010101101110111010101101110
101101010110111011101011101110
1011010101101110101101101101110
101101010110111010110111101110
10110101011011101011010101101110
1011010101101110101101011101110
1011010111011101011010101101110
101101011101110101101011101110
101101011101110111010101101110
10110101110111011101011101110
101101011101110101101101101110
10110101110111010110111101110
1011010111011101011010101101110
101101011101110101101011101110
1110101011011101011010101101110
111010101101110101101011101110
111010101101110111010101101110
11101010110111011101011101110
111010101101110101101101101110
11101010110111010110111101110
1110101011011101011010101101110
111010101101110101101011101110
111010111011101011010101101110
11101011101110101101011101110
11101011101110111010101101110
1110101110111011101011101110
11101011101110101101101101110
1110101110111010110111101110
111010111011101011010101101110
11101011101110101101011101110
1011011011011101011010101101110
101101101101110101101011101110
101101101101110111010101101110
10110110110111011101011101110
101101101101110101101101101110
10110110110111010110111101110
1011011011011101011010101101110
101101101101110101101011101110
101101111011101011010101101110
10110111101110101101011101110
10110111101110111010101101110
1011011110111011101011101110
10110111101110101101101101110
1011011110111010110111101110
101101111011101011010101101110
10110111101110101101011101110
10110101011011101011010101101110
1011010101101110101101011101110
1011010101101110111010101101110
101101010110111011101011101110
1011010101101110101101101101110
101101010110111010110111101110
10110101011011101011010101101110
1011010101101110101101011101110
1011010111011101011010101101110
101101011101110101101011101110
101101011101110111010101101110
10110101110111011101011101110
101101011101110101101101101110
10110101110111010110111101110
1011010111011101011010101101110
101101011101110101101011101110