11011101101110110101101110110111011010
11011101101110110101101110110101011010
11011101101110110101101010110111011010
11011101101110110101101010110101011010
11011101101010110101101110110111011010
11011101101010110101101110110101011010
11011101101010110101101010110111011010
11011101101010110101101010110101011010
11010101101110110101101110110111011010
11010101101110110101101110110101011010
11010101101110110101101010110111011010
11010101101110110101101010110101011010
11010101101010110101101110110111011010
11010101101010110101101110110101011010
11010101101010110101101010110111011010
11010101101010110101101010110101011010
1101110110111011011101101110
1101110110111011011101101010
1101110110111011010101101110
1101110110111011010101101010
1101010110111011011101101110
1101010110111011011101101010
1101010110111011010101101110
1101010110111011010101101010
1101110110101011011101101110
1101110110101011011101101010
1101110110101011010101101110
1101110110101011010101101010
1101010110101011011101101110
1101010110101011011101101010
1101010110101011010101101110
1101010110101011010101101010