101101010101101011010101101010101101011010
10110101010110101101010110101010110101010
1011010101011010110101011010101011010110
101101010101101011010101101010101101110
10110101010110101101010110101101101011010
1011010101011010110101011010110110101010
101101010101101011010101101011011010110
10110101010110101101010110101101101110
10110101010110101101010110101010111011010
1011010101011010110101011010101011101010
101101010101101011010101101010101110110
10110101010110101101010110101010111110
10110101010110101101011101010101101011010
1011010101011010110101110101010110101010
101101010101101011010111010101011010110
10110101010110101101011101010101101110
1011010101011010110101110101101101011010
101101010101101011010111010110110101010
10110101010110101101011101011011010110
1011010101011010110101110101101101110
1011010101011010110101110101010111011010
101101010101101011010111010101011101010
10110101010110101101011101010101110110
1011010101011010110101110101010111110
10110101010110101101010101010101101011010
1011010101011010110101010101010110101010
101101010101101011010101010101011010110
10110101010110101101010101010101101110
1011010101011010110101010101101101011010
101101010101101011010101010110110101010
10110101010110101101010101011011010110
1011010101011010110101010101101101110
1011010101011010110101010101010111011010
101101010101101011010101010101011101010
10110101010110101101010101010101110110
1011010101011010110101010101010111110
10110101101101011010101101010101101011010
1011010110110101101010110101010110101010
101101011011010110101011010101011010110
10110101101101011010101101010101101110
1011010110110101101010110101101101011010
101101011011010110101011010110110101010
10110101101101011010101101011011010110
1011010110110101101010110101101101110
1011010110110101101010110101010111011010
101101011011010110101011010101011101010
10110101101101011010101101010101110110
1011010110110101101010110101010111110
1011010110110101101011101010101101011010
101101011011010110101110101010110101010
10110101101101011010111010101011010110
1011010110110101101011101010101101110
101101011011010110101110101101101011010
10110101101101011010111010110110101010
1011010110110101101011101011011010110
101101011011010110101110101101101110
101101011011010110101110101010111011010
10110101101101011010111010101011101010
1011010110110101101011101010101110110
101101011011010110101110101010111110
1011010110110101101010101010101101011010
101101011011010110101010101010110101010
10110101101101011010101010101011010110
1011010110110101101010101010101101110
101101011011010110101010101101101011010
10110101101101011010101010110110101010
1011010110110101101010101011011010110
101101011011010110101010101101101110
101101011011010110101010101010111011010
10110101101101011010101010101011101010
1011010110110101101010101010101110110
101101011011010110101010101010111110
10110101010111011010101101010101101011010
1011010101011101101010110101010110101010
101101010101110110101011010101011010110
10110101010111011010101101010101101110
1011010101011101101010110101101101011010
101101010101110110101011010110110101010
10110101010111011010101101011011010110
1011010101011101101010110101101101110
1011010101011101101010110101010111011010
101101010101110110101011010101011101010
10110101010111011010101101010101110110
1011010101011101101010110101010111110
1011010101011101101011101010101101011010
101101010101110110101110101010110101010
10110101010111011010111010101011010110
1011010101011101101011101010101101110
101101010101110110101110101101101011010
10110101010111011010111010110110101010
1011010101011101101011101011011010110
101101010101110110101110101101101110
101101010101110110101110101010111011010
10110101010111011010111010101011101010
1011010101011101101011101010101110110
101101010101110110101110101010111110
1011010101011101101010101010101101011010
101101010101110110101010101010110101010
10110101010111011010101010101011010110
1011010101011101101010101010101101110
101101010101110110101010101101101011010
10110101010111011010101010110110101010
1011010101011101101010101011011010110
101101010101110110101010101101101110
101101010101110110101010101010111011010
10110101010111011010101010101011101010
1011010101011101101010101010101110110
101101010101110110101010101010111110
11101010101101011010101101010101101011010
1110101010110101101010110101010110101010
111010101011010110101011010101011010110
11101010101101011010101101010101101110
1110101010110101101010110101101101011010
111010101011010110101011010110110101010
11101010101101011010101101011011010110
1110101010110101101010110101101101110
1110101010110101101010110101010111011010
111010101011010110101011010101011101010
11101010101101011010101101010101110110
1110101010110101101010110101010111110
1110101010110101101011101010101101011010
111010101011010110101110101010110101010
11101010101101011010111010101011010110
1110101010110101101011101010101101110
111010101011010110101110101101101011010
11101010101101011010111010110110101010
1110101010110101101011101011011010110
111010101011010110101110101101101110
111010101011010110101110101010111011010
11101010101101011010111010101011101010
1110101010110101101011101010101110110
111010101011010110101110101010111110
1110101010110101101010101010101101011010
111010101011010110101010101010110101010
11101010101101011010101010101011010110
1110101010110101101010101010101101110
111010101011010110101010101101101011010
11101010101101011010101010110110101010
1110101010110101101010101011011010110
111010101011010110101010101101101110
111010101011010110101010101010111011010
11101010101101011010101010101011101010
1110101010110101101010101010101110110
111010101011010110101010101010111110
1110101101101011010101101010101101011010
111010110110101101010110101010110101010
11101011011010110101011010101011010110
1110101101101011010101101010101101110
111010110110101101010110101101101011010
11101011011010110101011010110110101010
1110101101101011010101101011011010110
111010110110101101010110101101101110
111010110110101101010110101010111011010
11101011011010110101011010101011101010
1110101101101011010101101010101110110
111010110110101101010110101010111110
111010110110101101011101010101101011010
11101011011010110101110101010110101010
1110101101101011010111010101011010110
111010110110101101011101010101101110
11101011011010110101110101101101011010
1110101101101011010111010110110101010
111010110110101101011101011011010110
11101011011010110101110101101101110
11101011011010110101110101010111011010
1110101101101011010111010101011101010
111010110110101101011101010101110110
11101011011010110101110101010111110
111010110110101101010101010101101011010
11101011011010110101010101010110101010
1110101101101011010101010101011010110
111010110110101101010101010101101110
11101011011010110101010101101101011010
1110101101101011010101010110110101010
111010110110101101010101011011010110
11101011011010110101010101101101110
11101011011010110101010101010111011010
1110101101101011010101010101011101010
111010110110101101010101010101110110
11101011011010110101010101010111110
1110101010111011010101101010101101011010
111010101011101101010110101010110101010
11101010101110110101011010101011010110
1110101010111011010101101010101101110
111010101011101101010110101101101011010
11101010101110110101011010110110101010
1110101010111011010101101011011010110
111010101011101101010110101101101110
111010101011101101010110101010111011010
11101010101110110101011010101011101010
1110101010111011010101101010101110110
111010101011101101010110101010111110
111010101011101101011101010101101011010
11101010101110110101110101010110101010
1110101010111011010111010101011010110
111010101011101101011101010101101110
11101010101110110101110101101101011010
1110101010111011010111010110110101010
111010101011101101011101011011010110
11101010101110110101110101101101110
11101010101110110101110101010111011010
1110101010111011010111010101011101010
111010101011101101011101010101110110
11101010101110110101110101010111110
111010101011101101010101010101101011010
11101010101110110101010101010110101010
1110101010111011010101010101011010110
111010101011101101010101010101101110
11101010101110110101010101101101011010
1110101010111011010101010110110101010
111010101011101101010101011011010110
11101010101110110101010101101101110
11101010101110110101010101010111011010
1110101010111011010101010101011101010
111010101011101101010101010101110110
11101010101110110101010101010111110
10101010101101011010101101010101101011010
1010101010110101101010110101010110101010
101010101011010110101011010101011010110
10101010101101011010101101010101101110
1010101010110101101010110101101101011010
101010101011010110101011010110110101010
10101010101101011010101101011011010110
1010101010110101101010110101101101110
1010101010110101101010110101010111011010
101010101011010110101011010101011101010
10101010101101011010101101010101110110
1010101010110101101010110101010111110
1010101010110101101011101010101101011010
101010101011010110101110101010110101010
10101010101101011010111010101011010110
1010101010110101101011101010101101110
101010101011010110101110101101101011010
10101010101101011010111010110110101010
1010101010110101101011101011011010110
101010101011010110101110101101101110
101010101011010110101110101010111011010
10101010101101011010111010101011101010
1010101010110101101011101010101110110
101010101011010110101110101010111110
1010101010110101101010101010101101011010
101010101011010110101010101010110101010
10101010101101011010101010101011010110
1010101010110101101010101010101101110
101010101011010110101010101101101011010
10101010101101011010101010110110101010
1010101010110101101010101011011010110
101010101011010110101010101101101110
101010101011010110101010101010111011010
10101010101101011010101010101011101010
1010101010110101101010101010101110110
101010101011010110101010101010111110
1010101101101011010101101010101101011010
101010110110101101010110101010110101010
10101011011010110101011010101011010110
1010101101101011010101101010101101110
101010110110101101010110101101101011010
10101011011010110101011010110110101010
1010101101101011010101101011011010110
101010110110101101010110101101101110
101010110110101101010110101010111011010
10101011011010110101011010101011101010
1010101101101011010101101010101110110
101010110110101101010110101010111110
101010110110101101011101010101101011010
10101011011010110101110101010110101010
1010101101101011010111010101011010110
101010110110101101011101010101101110
10101011011010110101110101101101011010
1010101101101011010111010110110101010
101010110110101101011101011011010110
10101011011010110101110101101101110
10101011011010110101110101010111011010
1010101101101011010111010101011101010
101010110110101101011101010101110110
10101011011010110101110101010111110
101010110110101101010101010101101011010
10101011011010110101010101010110101010
1010101101101011010101010101011010110
101010110110101101010101010101101110
10101011011010110101010101101101011010
1010101101101011010101010110110101010
101010110110101101010101011011010110
10101011011010110101010101101101110
10101011011010110101010101010111011010
1010101101101011010101010101011101010
101010110110101101010101010101110110
10101011011010110101010101010111110
1010101010111011010101101010101101011010
101010101011101101010110101010110101010
10101010101110110101011010101011010110
1010101010111011010101101010101101110
101010101011101101010110101101101011010
10101010101110110101011010110110101010
1010101010111011010101101011011010110
101010101011101101010110101101101110
101010101011101101010110101010111011010
10101010101110110101011010101011101010
1010101010111011010101101010101110110
101010101011101101010110101010111110
101010101011101101011101010101101011010
10101010101110110101110101010110101010
1010101010111011010111010101011010110
101010101011101101011101010101101110
10101010101110110101110101101101011010
1010101010111011010111010110110101010
101010101011101101011101011011010110
10101010101110110101110101101101110
10101010101110110101110101010111011010
1010101010111011010111010101011101010
101010101011101101011101010101110110
10101010101110110101110101010111110
101010101011101101010101010101101011010
10101010101110110101010101010110101010
1010101010111011010101010101011010110
101010101011101101010101010101101110
10101010101110110101010101101101011010
1010101010111011010101010110110101010
101010101011101101010101011011010110
10101010101110110101010101101101110
10101010101110110101010101010111011010
1010101010111011010101010101011101010
101010101011101101010101010101110110
10101010101110110101010101010111110
10110101010110111010101101010101101011010
1011010101011011101010110101010110101010
101101010101101110101011010101011010110
10110101010110111010101101010101101110
1011010101011011101010110101101101011010
101101010101101110101011010110110101010
10110101010110111010101101011011010110
1011010101011011101010110101101101110
1011010101011011101010110101010111011010
101101010101101110101011010101011101010
10110101010110111010101101010101110110
1011010101011011101010110101010111110
1011010101011011101011101010101101011010
101101010101101110101110101010110101010
10110101010110111010111010101011010110
1011010101011011101011101010101101110
101101010101101110101110101101101011010
10110101010110111010111010110110101010
1011010101011011101011101011011010110
101101010101101110101110101101101110
101101010101101110101110101010111011010
10110101010110111010111010101011101010
1011010101011011101011101010101110110
101101010101101110101110101010111110
1011010101011011101010101010101101011010
101101010101101110101010101010110101010
10110101010110111010101010101011010110
1011010101011011101010101010101101110
101101010101101110101010101101101011010
10110101010110111010101010110110101010
1011010101011011101010101011011010110
101101010101101110101010101101101110
101101010101101110101010101010111011010
10110101010110111010101010101011101010
1011010101011011101010101010101110110
101101010101101110101010101010111110
1011010110110111010101101010101101011010
101101011011011101010110101010110101010
10110101101101110101011010101011010110
1011010110110111010101101010101101110
101101011011011101010110101101101011010
10110101101101110101011010110110101010
1011010110110111010101101011011010110
101101011011011101010110101101101110
101101011011011101010110101010111011010
10110101101101110101011010101011101010
1011010110110111010101101010101110110
101101011011011101010110101010111110
101101011011011101011101010101101011010
10110101101101110101110101010110101010
1011010110110111010111010101011010110
101101011011011101011101010101101110
10110101101101110101110101101101011010
1011010110110111010111010110110101010
101101011011011101011101011011010110
10110101101101110101110101101101110
10110101101101110101110101010111011010
1011010110110111010111010101011101010
101101011011011101011101010101110110
10110101101101110101110101010111110
101101011011011101010101010101101011010
10110101101101110101010101010110101010
1011010110110111010101010101011010110
101101011011011101010101010101101110
10110101101101110101010101101101011010
1011010110110111010101010110110101010
101101011011011101010101011011010110
10110101101101110101010101101101110
10110101101101110101010101010111011010
1011010110110111010101010101011101010
101101011011011101010101010101110110
10110101101101110101010101010111110
1011010101011111010101101010101101011010
101101010101111101010110101010110101010
10110101010111110101011010101011010110
1011010101011111010101101010101101110
101101010101111101010110101101101011010
10110101010111110101011010110110101010
1011010101011111010101101011011010110
101101010101111101010110101101101110
101101010101111101010110101010111011010
10110101010111110101011010101011101010
1011010101011111010101101010101110110
101101010101111101010110101010111110
101101010101111101011101010101101011010
10110101010111110101110101010110101010
1011010101011111010111010101011010110
101101010101111101011101010101101110
10110101010111110101110101101101011010
1011010101011111010111010110110101010
101101010101111101011101011011010110
10110101010111110101110101101101110
10110101010111110101110101010111011010
1011010101011111010111010101011101010
101101010101111101011101010101110110
10110101010111110101110101010111110
101101010101111101010101010101101011010
10110101010111110101010101010110101010
1011010101011111010101010101011010110
101101010101111101010101010101101110
10110101010111110101010101101101011010
1011010101011111010101010110110101010
101101010101111101010101011011010110
10110101010111110101010101101101110
10110101010111110101010101010111011010
1011010101011111010101010101011101010
101101010101111101010101010101110110
10110101010111110101010101010111110
1110101010110111010101101010101101011010
111010101011011101010110101010110101010
11101010101101110101011010101011010110
1110101010110111010101101010101101110
111010101011011101010110101101101011010
11101010101101110101011010110110101010
1110101010110111010101101011011010110
111010101011011101010110101101101110
111010101011011101010110101010111011010
11101010101101110101011010101011101010
1110101010110111010101101010101110110
111010101011011101010110101010111110
111010101011011101011101010101101011010
11101010101101110101110101010110101010
1110101010110111010111010101011010110
111010101011011101011101010101101110
11101010101101110101110101101101011010
1110101010110111010111010110110101010
111010101011011101011101011011010110
11101010101101110101110101101101110
11101010101101110101110101010111011010
1110101010110111010111010101011101010
111010101011011101011101010101110110
11101010101101110101110101010111110
111010101011011101010101010101101011010
11101010101101110101010101010110101010
1110101010110111010101010101011010110
111010101011011101010101010101101110
11101010101101110101010101101101011010
1110101010110111010101010110110101010
111010101011011101010101011011010110
11101010101101110101010101101101110
11101010101101110101010101010111011010
1110101010110111010101010101011101010
111010101011011101010101010101110110
11101010101101110101010101010111110
111010110110111010101101010101101011010
11101011011011101010110101010110101010
1110101101101110101011010101011010110
111010110110111010101101010101101110
11101011011011101010110101101101011010
1110101101101110101011010110110101010
111010110110111010101101011011010110
11101011011011101010110101101101110
11101011011011101010110101010111011010
1110101101101110101011010101011101010
111010110110111010101101010101110110
11101011011011101010110101010111110
11101011011011101011101010101101011010
1110101101101110101110101010110101010
111010110110111010111010101011010110
11101011011011101011101010101101110
1110101101101110101110101101101011010
111010110110111010111010110110101010
11101011011011101011101011011010110
1110101101101110101110101101101110
1110101101101110101110101010111011010
111010110110111010111010101011101010
11101011011011101011101010101110110
1110101101101110101110101010111110
11101011011011101010101010101101011010
1110101101101110101010101010110101010
111010110110111010101010101011010110
11101011011011101010101010101101110
1110101101101110101010101101101011010
111010110110111010101010110110101010
11101011011011101010101011011010110
1110101101101110101010101101101110
1110101101101110101010101010111011010
111010110110111010101010101011101010
11101011011011101010101010101110110
1110101101101110101010101010111110
111010101011111010101101010101101011010
11101010101111101010110101010110101010
1110101010111110101011010101011010110
111010101011111010101101010101101110
11101010101111101010110101101101011010
1110101010111110101011010110110101010
111010101011111010101101011011010110
11101010101111101010110101101101110
11101010101111101010110101010111011010
1110101010111110101011010101011101010
111010101011111010101101010101110110
11101010101111101010110101010111110
11101010101111101011101010101101011010
1110101010111110101110101010110101010
111010101011111010111010101011010110
11101010101111101011101010101101110
1110101010111110101110101101101011010
111010101011111010111010110110101010
11101010101111101011101011011010110
1110101010111110101110101101101110
1110101010111110101110101010111011010
111010101011111010111010101011101010
11101010101111101011101010101110110
1110101010111110101110101010111110
11101010101111101010101010101101011010
1110101010111110101010101010110101010
111010101011111010101010101011010110
11101010101111101010101010101101110
1110101010111110101010101101101011010
111010101011111010101010110110101010
11101010101111101010101011011010110
1110101010111110101010101101101110
1110101010111110101010101010111011010
111010101011111010101010101011101010
11101010101111101010101010101110110
1110101010111110101010101010111110
1010101010110111010101101010101101011010
101010101011011101010110101010110101010
10101010101101110101011010101011010110
1010101010110111010101101010101101110
101010101011011101010110101101101011010
10101010101101110101011010110110101010
1010101010110111010101101011011010110
101010101011011101010110101101101110
101010101011011101010110101010111011010
10101010101101110101011010101011101010
1010101010110111010101101010101110110
101010101011011101010110101010111110
101010101011011101011101010101101011010
10101010101101110101110101010110101010
1010101010110111010111010101011010110
101010101011011101011101010101101110
10101010101101110101110101101101011010
1010101010110111010111010110110101010
101010101011011101011101011011010110
10101010101101110101110101101101110
10101010101101110101110101010111011010
1010101010110111010111010101011101010
101010101011011101011101010101110110
10101010101101110101110101010111110
101010101011011101010101010101101011010
10101010101101110101010101010110101010
1010101010110111010101010101011010110
101010101011011101010101010101101110
10101010101101110101010101101101011010
1010101010110111010101010110110101010
101010101011011101010101011011010110
10101010101101110101010101101101110
10101010101101110101010101010111011010
1010101010110111010101010101011101010
101010101011011101010101010101110110
10101010101101110101010101010111110
101010110110111010101101010101101011010
10101011011011101010110101010110101010
1010101101101110101011010101011010110
101010110110111010101101010101101110
10101011011011101010110101101101011010
1010101101101110101011010110110101010
101010110110111010101101011011010110
10101011011011101010110101101101110
10101011011011101010110101010111011010
1010101101101110101011010101011101010
101010110110111010101101010101110110
10101011011011101010110101010111110
10101011011011101011101010101101011010
1010101101101110101110101010110101010
101010110110111010111010101011010110
10101011011011101011101010101101110
1010101101101110101110101101101011010
101010110110111010111010110110101010
10101011011011101011101011011010110
1010101101101110101110101101101110
1010101101101110101110101010111011010
101010110110111010111010101011101010
10101011011011101011101010101110110
1010101101101110101110101010111110
10101011011011101010101010101101011010
1010101101101110101010101010110101010
101010110110111010101010101011010110
10101011011011101010101010101101110
1010101101101110101010101101101011010
101010110110111010101010110110101010
10101011011011101010101011011010110
1010101101101110101010101101101110
1010101101101110101010101010111011010
101010110110111010101010101011101010
10101011011011101010101010101110110
1010101101101110101010101010111110
101010101011111010101101010101101011010
10101010101111101010110101010110101010
1010101010111110101011010101011010110
101010101011111010101101010101101110
10101010101111101010110101101101011010
1010101010111110101011010110110101010
101010101011111010101101011011010110
10101010101111101010110101101101110
10101010101111101010110101010111011010
1010101010111110101011010101011101010
101010101011111010101101010101110110
10101010101111101010110101010111110
10101010101111101011101010101101011010
1010101010111110101110101010110101010
101010101011111010111010101011010110
10101010101111101011101010101101110
1010101010111110101110101101101011010
101010101011111010111010110110101010
10101010101111101011101011011010110
1010101010111110101110101101101110
1010101010111110101110101010111011010
101010101011111010111010101011101010
10101010101111101011101010101110110
1010101010111110101110101010111110
10101010101111101010101010101101011010
1010101010111110101010101010110101010
101010101011111010101010101011010110
10101010101111101010101010101101110
1010101010111110101010101101101011010
101010101011111010101010110110101010
10101010101111101010101011011010110
1010101010111110101010101101101110
1010101010111110101010101010111011010
101010101011111010101010101011101010
10101010101111101010101010101110110
1010101010111110101010101010111110
1011010101011010110101010110
10110101010110101101011010
101101010101101110101010110
1011010101011011101011010
111010101011010110101010110
1110101010110101101011010
11101010101101110101010110
111010101011011101011010
10110101101101011010110110
1011010110110111010110110
1110101101101011010110110
111010110110111010110110