1010110101101010101101011010
101011010110101010110111010
101011010110101010110101010
101011010110101101101011010
10101101011010110110111010
10101101011010110110101010
1010110101101010101101011010
101011010110101010110111010
101011010110101010110101010
101011010110101101101011010
10101101011010110110111010
10101101011010110110101010
101011011101010101101011010
10101101110101010110111010
10101101110101010110101010
10101101110101101101011010
1010110111010110110111010
1010110111010110110101010
101011010101010101101011010
10101101010101010110111010
10101101010101010110101010
10101101010101101101011010
1010110101010110110111010
1010110101010110110101010
110110101101010101101011010
11011010110101010110111010
11011010110101010110101010
11011010110101101101011010
1101101011010110110111010
1101101011010110110101010
110110101101010101101011010
11011010110101010110111010
11011010110101010110101010
11011010110101101101011010
1101101011010110110111010
1101101011010110110101010
11011011101010101101011010
1101101110101010110111010
1101101110101010110101010
1101101110101101101011010
110110111010110110111010
110110111010110110101010
11011010101010101101011010
1101101010101010110111010
1101101010101010110101010
1101101010101101101011010
110110101010110110111010
110110101010110110101010
101011011101010101101011010
10101101110101010110111010
10101101110101010110101010
10101101110101101101011010
1010110111010110110111010
1010110111010110110101010
1010110101101010101101011010
101011010110101010110111010
101011010110101010110101010
101011010110101101101011010
10101101011010110110111010
10101101011010110110101010
101011011101010101101011010
10101101110101010110111010
10101101110101010110101010
10101101110101101101011010
1010110111010110110111010
1010110111010110110101010
101011010101010101101011010
10101101010101010110111010
10101101010101010110101010
10101101010101101101011010
1010110101010110110111010
1010110101010110110101010
11011011101010101101011010
1101101110101010110111010
1101101110101010110101010
1101101110101101101011010
110110111010110110111010
110110111010110110101010
110110101101010101101011010
11011010110101010110111010
11011010110101010110101010
11011010110101101101011010
1101101011010110110111010
1101101011010110110101010
11011011101010101101011010
1101101110101010110111010
1101101110101010110101010
1101101110101101101011010
110110111010110110111010
110110111010110110101010
11011010101010101101011010
1101101010101010110111010
1101101010101010110101010
1101101010101101101011010
110110101010110110111010
110110101010110110101010