1010110101010110111010101101010101101110
1010110101010110111010101101010101101010
101011010101011011101010110110101101110
101011010101011011101010110110101101010
101011010101011011101010110101101101110
101011010101011011101010110101101101010
10101101010101101110101011011101101110
10101101010101101110101011011101101010
101011010101011011101101101010101101110
101011010101011011101101101010101101010
10101101010101101110110110110101101110
10101101010101101110110110110101101010
10101101010101101110110110101101101110
10101101010101101110110110101101101010
1010110101010110111011011011101101110
1010110101010110111011011011101101010
101011010101011011101011101010101101110
101011010101011011101011101010101101010
10101101010101101110101110110101101110
10101101010101101110101110110101101010
10101101010101101110101110101101101110
10101101010101101110101110101101101010
1010110101010110111010111011101101110
1010110101010110111010111011101101010
10101101010101101110111101010101101110
10101101010101101110111101010101101010
1010110101010110111011110110101101110
1010110101010110111011110110101101010
1010110101010110111011110101101101110
1010110101010110111011110101101101010
101011010101011011101111011101101110
101011010101011011101111011101101010
1010110101010110111010101101010101101110
1010110101010110111010101101010101101010
101011010101011011101010110110101101110
101011010101011011101010110110101101010
101011010101011011101010110101101101110
101011010101011011101010110101101101010
10101101010101101110101011011101101110
10101101010101101110101011011101101010
101011010101011011101101101010101101110
101011010101011011101101101010101101010
10101101010101101110110110110101101110
10101101010101101110110110110101101010
10101101010101101110110110101101101110
10101101010101101110110110101101101010
1010110101010110111011011011101101110
1010110101010110111011011011101101010
101011010101011011101011101010101101110
101011010101011011101011101010101101010
10101101010101101110101110110101101110
10101101010101101110101110110101101010
10101101010101101110101110101101101110
10101101010101101110101110101101101010
1010110101010110111010111011101101110
1010110101010110111010111011101101010
10101101010101101110111101010101101110
10101101010101101110111101010101101010
1010110101010110111011110110101101110
1010110101010110111011110110101101010
1010110101010110111011110101101101110
1010110101010110111011110101101101010
101011010101011011101111011101101110
101011010101011011101111011101101010
1010110101010110101010101101010101101110
1010110101010110101010101101010101101010
101011010101011010101010110110101101110
101011010101011010101010110110101101010
101011010101011010101010110101101101110
101011010101011010101010110101101101010
10101101010101101010101011011101101110
10101101010101101010101011011101101010
101011010101011010101101101010101101110
101011010101011010101101101010101101010
10101101010101101010110110110101101110
10101101010101101010110110110101101010
10101101010101101010110110101101101110
10101101010101101010110110101101101010
1010110101010110101011011011101101110
1010110101010110101011011011101101010
101011010101011010101011101010101101110
101011010101011010101011101010101101010
10101101010101101010101110110101101110
10101101010101101010101110110101101010
10101101010101101010101110101101101110
10101101010101101010101110101101101010
1010110101010110101010111011101101110
1010110101010110101010111011101101010
10101101010101101010111101010101101110
10101101010101101010111101010101101010
1010110101010110101011110110101101110
1010110101010110101011110110101101010
1010110101010110101011110101101101110
1010110101010110101011110101101101010
101011010101011010101111011101101110
101011010101011010101111011101101010
101011011010110111010101101010101101110
101011011010110111010101101010101101010
10101101101011011101010110110101101110
10101101101011011101010110110101101010
10101101101011011101010110101101101110
10101101101011011101010110101101101010
1010110110101101110101011011101101110
1010110110101101110101011011101101010
10101101101011011101101101010101101110
10101101101011011101101101010101101010
1010110110101101110110110110101101110
1010110110101101110110110110101101010
1010110110101101110110110101101101110
1010110110101101110110110101101101010
101011011010110111011011011101101110
101011011010110111011011011101101010
10101101101011011101011101010101101110
10101101101011011101011101010101101010
1010110110101101110101110110101101110
1010110110101101110101110110101101010
1010110110101101110101110101101101110
1010110110101101110101110101101101010
101011011010110111010111011101101110
101011011010110111010111011101101010
1010110110101101110111101010101101110
1010110110101101110111101010101101010
101011011010110111011110110101101110
101011011010110111011110110101101010
101011011010110111011110101101101110
101011011010110111011110101101101010
10101101101011011101111011101101110
10101101101011011101111011101101010
101011011010110111010101101010101101110
101011011010110111010101101010101101010
10101101101011011101010110110101101110
10101101101011011101010110110101101010
10101101101011011101010110101101101110
10101101101011011101010110101101101010
1010110110101101110101011011101101110
1010110110101101110101011011101101010
10101101101011011101101101010101101110
10101101101011011101101101010101101010
1010110110101101110110110110101101110
1010110110101101110110110110101101010
1010110110101101110110110101101101110
1010110110101101110110110101101101010
101011011010110111011011011101101110
101011011010110111011011011101101010
10101101101011011101011101010101101110
10101101101011011101011101010101101010
1010110110101101110101110110101101110
1010110110101101110101110110101101010
1010110110101101110101110101101101110
1010110110101101110101110101101101010
101011011010110111010111011101101110
101011011010110111010111011101101010
1010110110101101110111101010101101110
1010110110101101110111101010101101010
101011011010110111011110110101101110
101011011010110111011110110101101010
101011011010110111011110101101101110
101011011010110111011110101101101010
10101101101011011101111011101101110
10101101101011011101111011101101010
101011011010110101010101101010101101110
101011011010110101010101101010101101010
10101101101011010101010110110101101110
10101101101011010101010110110101101010
10101101101011010101010110101101101110
10101101101011010101010110101101101010
1010110110101101010101011011101101110
1010110110101101010101011011101101010
10101101101011010101101101010101101110
10101101101011010101101101010101101010
1010110110101101010110110110101101110
1010110110101101010110110110101101010
1010110110101101010110110101101101110
1010110110101101010110110101101101010
101011011010110101011011011101101110
101011011010110101011011011101101010
10101101101011010101011101010101101110
10101101101011010101011101010101101010
1010110110101101010101110110101101110
1010110110101101010101110110101101010
1010110110101101010101110101101101110
1010110110101101010101110101101101010
101011011010110101010111011101101110
101011011010110101010111011101101010
1010110110101101010111101010101101110
1010110110101101010111101010101101010
101011011010110101011110110101101110
101011011010110101011110110101101010
101011011010110101011110101101101110
101011011010110101011110101101101010
10101101101011010101111011101101110
10101101101011010101111011101101010
101011010110110111010101101010101101110
101011010110110111010101101010101101010
10101101011011011101010110110101101110
10101101011011011101010110110101101010
10101101011011011101010110101101101110
10101101011011011101010110101101101010
1010110101101101110101011011101101110
1010110101101101110101011011101101010
10101101011011011101101101010101101110
10101101011011011101101101010101101010
1010110101101101110110110110101101110
1010110101101101110110110110101101010
1010110101101101110110110101101101110
1010110101101101110110110101101101010
101011010110110111011011011101101110
101011010110110111011011011101101010
10101101011011011101011101010101101110
10101101011011011101011101010101101010
1010110101101101110101110110101101110
1010110101101101110101110110101101010
1010110101101101110101110101101101110
1010110101101101110101110101101101010
101011010110110111010111011101101110
101011010110110111010111011101101010
1010110101101101110111101010101101110
1010110101101101110111101010101101010
101011010110110111011110110101101110
101011010110110111011110110101101010
101011010110110111011110101101101110
101011010110110111011110101101101010
10101101011011011101111011101101110
10101101011011011101111011101101010
101011010110110111010101101010101101110
101011010110110111010101101010101101010
10101101011011011101010110110101101110
10101101011011011101010110110101101010
10101101011011011101010110101101101110
10101101011011011101010110101101101010
1010110101101101110101011011101101110
1010110101101101110101011011101101010
10101101011011011101101101010101101110
10101101011011011101101101010101101010
1010110101101101110110110110101101110
1010110101101101110110110110101101010
1010110101101101110110110101101101110
1010110101101101110110110101101101010
101011010110110111011011011101101110
101011010110110111011011011101101010
10101101011011011101011101010101101110
10101101011011011101011101010101101010
1010110101101101110101110110101101110
1010110101101101110101110110101101010
1010110101101101110101110101101101110
1010110101101101110101110101101101010
101011010110110111010111011101101110
101011010110110111010111011101101010
1010110101101101110111101010101101110
1010110101101101110111101010101101010
101011010110110111011110110101101110
101011010110110111011110110101101010
101011010110110111011110101101101110
101011010110110111011110101101101010
10101101011011011101111011101101110
10101101011011011101111011101101010
101011010110110101010101101010101101110
101011010110110101010101101010101101010
10101101011011010101010110110101101110
10101101011011010101010110110101101010
10101101011011010101010110101101101110
10101101011011010101010110101101101010
1010110101101101010101011011101101110
1010110101101101010101011011101101010
10101101011011010101101101010101101110
10101101011011010101101101010101101010
1010110101101101010110110110101101110
1010110101101101010110110110101101010
1010110101101101010110110101101101110
1010110101101101010110110101101101010
101011010110110101011011011101101110
101011010110110101011011011101101010
10101101011011010101011101010101101110
10101101011011010101011101010101101010
1010110101101101010101110110101101110
1010110101101101010101110110101101010
1010110101101101010101110101101101110
1010110101101101010101110101101101010
101011010110110101010111011101101110
101011010110110101010111011101101010
1010110101101101010111101010101101110
1010110101101101010111101010101101010
101011010110110101011110110101101110
101011010110110101011110110101101010
101011010110110101011110101101101110
101011010110110101011110101101101010
10101101011011010101111011101101110
10101101011011010101111011101101010
10101101110110111010101101010101101110
10101101110110111010101101010101101010
1010110111011011101010110110101101110
1010110111011011101010110110101101010
1010110111011011101010110101101101110
1010110111011011101010110101101101010
101011011101101110101011011101101110
101011011101101110101011011101101010
1010110111011011101101101010101101110
1010110111011011101101101010101101010
101011011101101110110110110101101110
101011011101101110110110110101101010
101011011101101110110110101101101110
101011011101101110110110101101101010
10101101110110111011011011101101110
10101101110110111011011011101101010
1010110111011011101011101010101101110
1010110111011011101011101010101101010
101011011101101110101110110101101110
101011011101101110101110110101101010
101011011101101110101110101101101110
101011011101101110101110101101101010
10101101110110111010111011101101110
10101101110110111010111011101101010
101011011101101110111101010101101110
101011011101101110111101010101101010
10101101110110111011110110101101110
10101101110110111011110110101101010
10101101110110111011110101101101110
10101101110110111011110101101101010
1010110111011011101111011101101110
1010110111011011101111011101101010
10101101110110111010101101010101101110
10101101110110111010101101010101101010
1010110111011011101010110110101101110
1010110111011011101010110110101101010
1010110111011011101010110101101101110
1010110111011011101010110101101101010
101011011101101110101011011101101110
101011011101101110101011011101101010
1010110111011011101101101010101101110
1010110111011011101101101010101101010
101011011101101110110110110101101110
101011011101101110110110110101101010
101011011101101110110110101101101110
101011011101101110110110101101101010
10101101110110111011011011101101110
10101101110110111011011011101101010
1010110111011011101011101010101101110
1010110111011011101011101010101101010
101011011101101110101110110101101110
101011011101101110101110110101101010
101011011101101110101110101101101110
101011011101101110101110101101101010
10101101110110111010111011101101110
10101101110110111010111011101101010
101011011101101110111101010101101110
101011011101101110111101010101101010
10101101110110111011110110101101110
10101101110110111011110110101101010
10101101110110111011110101101101110
10101101110110111011110101101101010
1010110111011011101111011101101110
1010110111011011101111011101101010
10101101110110101010101101010101101110
10101101110110101010101101010101101010
1010110111011010101010110110101101110
1010110111011010101010110110101101010
1010110111011010101010110101101101110
1010110111011010101010110101101101010
101011011101101010101011011101101110
101011011101101010101011011101101010
1010110111011010101101101010101101110
1010110111011010101101101010101101010
101011011101101010110110110101101110
101011011101101010110110110101101010
101011011101101010110110101101101110
101011011101101010110110101101101010
10101101110110101011011011101101110
10101101110110101011011011101101010
1010110111011010101011101010101101110
1010110111011010101011101010101101010
101011011101101010101110110101101110
101011011101101010101110110101101010
101011011101101010101110101101101110
101011011101101010101110101101101010
10101101110110101010111011101101110
10101101110110101010111011101101010
101011011101101010111101010101101110
101011011101101010111101010101101010
10101101110110101011110110101101110
10101101110110101011110110101101010
10101101110110101011110101101101110
10101101110110101011110101101101010
1010110111011010101111011101101110
1010110111011010101111011101101010
110110101010110111010101101010101101110
110110101010110111010101101010101101010
11011010101011011101010110110101101110
11011010101011011101010110110101101010
11011010101011011101010110101101101110
11011010101011011101010110101101101010
1101101010101101110101011011101101110
1101101010101101110101011011101101010
11011010101011011101101101010101101110
11011010101011011101101101010101101010
1101101010101101110110110110101101110
1101101010101101110110110110101101010
1101101010101101110110110101101101110
1101101010101101110110110101101101010
110110101010110111011011011101101110
110110101010110111011011011101101010
11011010101011011101011101010101101110
11011010101011011101011101010101101010
1101101010101101110101110110101101110
1101101010101101110101110110101101010
1101101010101101110101110101101101110
1101101010101101110101110101101101010
110110101010110111010111011101101110
110110101010110111010111011101101010
1101101010101101110111101010101101110
1101101010101101110111101010101101010
110110101010110111011110110101101110
110110101010110111011110110101101010
110110101010110111011110101101101110
110110101010110111011110101101101010
11011010101011011101111011101101110
11011010101011011101111011101101010
110110101010110111010101101010101101110
110110101010110111010101101010101101010
11011010101011011101010110110101101110
11011010101011011101010110110101101010
11011010101011011101010110101101101110
11011010101011011101010110101101101010
1101101010101101110101011011101101110
1101101010101101110101011011101101010
11011010101011011101101101010101101110
11011010101011011101101101010101101010
1101101010101101110110110110101101110
1101101010101101110110110110101101010
1101101010101101110110110101101101110
1101101010101101110110110101101101010
110110101010110111011011011101101110
110110101010110111011011011101101010
11011010101011011101011101010101101110
11011010101011011101011101010101101010
1101101010101101110101110110101101110
1101101010101101110101110110101101010
1101101010101101110101110101101101110
1101101010101101110101110101101101010
110110101010110111010111011101101110
110110101010110111010111011101101010
1101101010101101110111101010101101110
1101101010101101110111101010101101010
110110101010110111011110110101101110
110110101010110111011110110101101010
110110101010110111011110101101101110
110110101010110111011110101101101010
11011010101011011101111011101101110
11011010101011011101111011101101010
110110101010110101010101101010101101110
110110101010110101010101101010101101010
11011010101011010101010110110101101110
11011010101011010101010110110101101010
11011010101011010101010110101101101110
11011010101011010101010110101101101010
1101101010101101010101011011101101110
1101101010101101010101011011101101010
11011010101011010101101101010101101110
11011010101011010101101101010101101010
1101101010101101010110110110101101110
1101101010101101010110110110101101010
1101101010101101010110110101101101110
1101101010101101010110110101101101010
110110101010110101011011011101101110
110110101010110101011011011101101010
11011010101011010101011101010101101110
11011010101011010101011101010101101010
1101101010101101010101110110101101110
1101101010101101010101110110101101010
1101101010101101010101110101101101110
1101101010101101010101110101101101010
110110101010110101010111011101101110
110110101010110101010111011101101010
1101101010101101010111101010101101110
1101101010101101010111101010101101010
110110101010110101011110110101101110
110110101010110101011110110101101010
110110101010110101011110101101101110
110110101010110101011110101101101010
11011010101011010101111011101101110
11011010101011010101111011101101010
11011011010110111010101101010101101110
11011011010110111010101101010101101010
1101101101011011101010110110101101110
1101101101011011101010110110101101010
1101101101011011101010110101101101110
1101101101011011101010110101101101010
110110110101101110101011011101101110
110110110101101110101011011101101010
1101101101011011101101101010101101110
1101101101011011101101101010101101010
110110110101101110110110110101101110
110110110101101110110110110101101010
110110110101101110110110101101101110
110110110101101110110110101101101010
11011011010110111011011011101101110
11011011010110111011011011101101010
1101101101011011101011101010101101110
1101101101011011101011101010101101010
110110110101101110101110110101101110
110110110101101110101110110101101010
110110110101101110101110101101101110
110110110101101110101110101101101010
11011011010110111010111011101101110
11011011010110111010111011101101010
110110110101101110111101010101101110
110110110101101110111101010101101010
11011011010110111011110110101101110
11011011010110111011110110101101010
11011011010110111011110101101101110
11011011010110111011110101101101010
1101101101011011101111011101101110
1101101101011011101111011101101010
11011011010110111010101101010101101110
11011011010110111010101101010101101010
1101101101011011101010110110101101110
1101101101011011101010110110101101010
1101101101011011101010110101101101110
1101101101011011101010110101101101010
110110110101101110101011011101101110
110110110101101110101011011101101010
1101101101011011101101101010101101110
1101101101011011101101101010101101010
110110110101101110110110110101101110
110110110101101110110110110101101010
110110110101101110110110101101101110
110110110101101110110110101101101010
11011011010110111011011011101101110
11011011010110111011011011101101010
1101101101011011101011101010101101110
1101101101011011101011101010101101010
110110110101101110101110110101101110
110110110101101110101110110101101010
110110110101101110101110101101101110
110110110101101110101110101101101010
11011011010110111010111011101101110
11011011010110111010111011101101010
110110110101101110111101010101101110
110110110101101110111101010101101010
11011011010110111011110110101101110
11011011010110111011110110101101010
11011011010110111011110101101101110
11011011010110111011110101101101010
1101101101011011101111011101101110
1101101101011011101111011101101010
11011011010110101010101101010101101110
11011011010110101010101101010101101010
1101101101011010101010110110101101110
1101101101011010101010110110101101010
1101101101011010101010110101101101110
1101101101011010101010110101101101010
110110110101101010101011011101101110
110110110101101010101011011101101010
1101101101011010101101101010101101110
1101101101011010101101101010101101010
110110110101101010110110110101101110
110110110101101010110110110101101010
110110110101101010110110101101101110
110110110101101010110110101101101010
11011011010110101011011011101101110
11011011010110101011011011101101010
1101101101011010101011101010101101110
1101101101011010101011101010101101010
110110110101101010101110110101101110
110110110101101010101110110101101010
110110110101101010101110101101101110
110110110101101010101110101101101010
11011011010110101010111011101101110
11011011010110101010111011101101010
110110110101101010111101010101101110
110110110101101010111101010101101010
11011011010110101011110110101101110
11011011010110101011110110101101010
11011011010110101011110101101101110
11011011010110101011110101101101010
1101101101011010101111011101101110
1101101101011010101111011101101010
11011010110110111010101101010101101110
11011010110110111010101101010101101010
1101101011011011101010110110101101110
1101101011011011101010110110101101010
1101101011011011101010110101101101110
1101101011011011101010110101101101010
110110101101101110101011011101101110
110110101101101110101011011101101010
1101101011011011101101101010101101110
1101101011011011101101101010101101010
110110101101101110110110110101101110
110110101101101110110110110101101010
110110101101101110110110101101101110
110110101101101110110110101101101010
11011010110110111011011011101101110
11011010110110111011011011101101010
1101101011011011101011101010101101110
1101101011011011101011101010101101010
110110101101101110101110110101101110
110110101101101110101110110101101010
110110101101101110101110101101101110
110110101101101110101110101101101010
11011010110110111010111011101101110
11011010110110111010111011101101010
110110101101101110111101010101101110
110110101101101110111101010101101010
11011010110110111011110110101101110
11011010110110111011110110101101010
11011010110110111011110101101101110
11011010110110111011110101101101010
1101101011011011101111011101101110
1101101011011011101111011101101010
11011010110110111010101101010101101110
11011010110110111010101101010101101010
1101101011011011101010110110101101110
1101101011011011101010110110101101010
1101101011011011101010110101101101110
1101101011011011101010110101101101010
110110101101101110101011011101101110
110110101101101110101011011101101010
1101101011011011101101101010101101110
1101101011011011101101101010101101010
110110101101101110110110110101101110
110110101101101110110110110101101010
110110101101101110110110101101101110
110110101101101110110110101101101010
11011010110110111011011011101101110
11011010110110111011011011101101010
1101101011011011101011101010101101110
1101101011011011101011101010101101010
110110101101101110101110110101101110
110110101101101110101110110101101010
110110101101101110101110101101101110
110110101101101110101110101101101010
11011010110110111010111011101101110
11011010110110111010111011101101010
110110101101101110111101010101101110
110110101101101110111101010101101010
11011010110110111011110110101101110
11011010110110111011110110101101010
11011010110110111011110101101101110
11011010110110111011110101101101010
1101101011011011101111011101101110
1101101011011011101111011101101010
11011010110110101010101101010101101110
11011010110110101010101101010101101010
1101101011011010101010110110101101110
1101101011011010101010110110101101010
1101101011011010101010110101101101110
1101101011011010101010110101101101010
110110101101101010101011011101101110
110110101101101010101011011101101010
1101101011011010101101101010101101110
1101101011011010101101101010101101010
110110101101101010110110110101101110
110110101101101010110110110101101010
110110101101101010110110101101101110
110110101101101010110110101101101010
11011010110110101011011011101101110
11011010110110101011011011101101010
1101101011011010101011101010101101110
1101101011011010101011101010101101010
110110101101101010101110110101101110
110110101101101010101110110101101010
110110101101101010101110101101101110
110110101101101010101110101101101010
11011010110110101010111011101101110
11011010110110101010111011101101010
110110101101101010111101010101101110
110110101101101010111101010101101010
11011010110110101011110110101101110
11011010110110101011110110101101010
11011010110110101011110101101101110
11011010110110101011110101101101010
1101101011011010101111011101101110
1101101011011010101111011101101010
1101101110110111010101101010101101110
1101101110110111010101101010101101010
110110111011011101010110110101101110
110110111011011101010110110101101010
110110111011011101010110101101101110
110110111011011101010110101101101010
11011011101101110101011011101101110
11011011101101110101011011101101010
110110111011011101101101010101101110
110110111011011101101101010101101010
11011011101101110110110110101101110
11011011101101110110110110101101010
11011011101101110110110101101101110
11011011101101110110110101101101010
1101101110110111011011011101101110
1101101110110111011011011101101010
110110111011011101011101010101101110
110110111011011101011101010101101010
11011011101101110101110110101101110
11011011101101110101110110101101010
11011011101101110101110101101101110
11011011101101110101110101101101010
1101101110110111010111011101101110
1101101110110111010111011101101010
11011011101101110111101010101101110
11011011101101110111101010101101010
1101101110110111011110110101101110
1101101110110111011110110101101010
1101101110110111011110101101101110
1101101110110111011110101101101010
110110111011011101111011101101110
110110111011011101111011101101010
1101101110110111010101101010101101110
1101101110110111010101101010101101010
110110111011011101010110110101101110
110110111011011101010110110101101010
110110111011011101010110101101101110
110110111011011101010110101101101010
11011011101101110101011011101101110
11011011101101110101011011101101010
110110111011011101101101010101101110
110110111011011101101101010101101010
11011011101101110110110110101101110
11011011101101110110110110101101010
11011011101101110110110101101101110
11011011101101110110110101101101010
1101101110110111011011011101101110
1101101110110111011011011101101010
110110111011011101011101010101101110
110110111011011101011101010101101010
11011011101101110101110110101101110
11011011101101110101110110101101010
11011011101101110101110101101101110
11011011101101110101110101101101010
1101101110110111010111011101101110
1101101110110111010111011101101010
11011011101101110111101010101101110
11011011101101110111101010101101010
1101101110110111011110110101101110
1101101110110111011110110101101010
1101101110110111011110101101101110
1101101110110111011110101101101010
110110111011011101111011101101110
110110111011011101111011101101010
1101101110110101010101101010101101110
1101101110110101010101101010101101010
110110111011010101010110110101101110
110110111011010101010110110101101010
110110111011010101010110101101101110
110110111011010101010110101101101010
11011011101101010101011011101101110
11011011101101010101011011101101010
110110111011010101101101010101101110
110110111011010101101101010101101010
11011011101101010110110110101101110
11011011101101010110110110101101010
11011011101101010110110101101101110
11011011101101010110110101101101010
1101101110110101011011011101101110
1101101110110101011011011101101010
110110111011010101011101010101101110
110110111011010101011101010101101010
11011011101101010101110110101101110
11011011101101010101110110101101010
11011011101101010101110101101101110
11011011101101010101110101101101010
1101101110110101010111011101101110
1101101110110101010111011101101010
11011011101101010111101010101101110
11011011101101010111101010101101010
1101101110110101011110110101101110
1101101110110101011110110101101010
1101101110110101011110101101101110
1101101110110101011110101101101010
110110111011010101111011101101110
110110111011010101111011101101010
101110101010110111010101101010101101110
101110101010110111010101101010101101010
10111010101011011101010110110101101110
10111010101011011101010110110101101010
10111010101011011101010110101101101110
10111010101011011101010110101101101010
1011101010101101110101011011101101110
1011101010101101110101011011101101010
10111010101011011101101101010101101110
10111010101011011101101101010101101010
1011101010101101110110110110101101110
1011101010101101110110110110101101010
1011101010101101110110110101101101110
1011101010101101110110110101101101010
101110101010110111011011011101101110
101110101010110111011011011101101010
10111010101011011101011101010101101110
10111010101011011101011101010101101010
1011101010101101110101110110101101110
1011101010101101110101110110101101010
1011101010101101110101110101101101110
1011101010101101110101110101101101010
101110101010110111010111011101101110
101110101010110111010111011101101010
1011101010101101110111101010101101110
1011101010101101110111101010101101010
101110101010110111011110110101101110
101110101010110111011110110101101010
101110101010110111011110101101101110
101110101010110111011110101101101010
10111010101011011101111011101101110
10111010101011011101111011101101010
101110101010110111010101101010101101110
101110101010110111010101101010101101010
10111010101011011101010110110101101110
10111010101011011101010110110101101010
10111010101011011101010110101101101110
10111010101011011101010110101101101010
1011101010101101110101011011101101110
1011101010101101110101011011101101010
10111010101011011101101101010101101110
10111010101011011101101101010101101010
1011101010101101110110110110101101110
1011101010101101110110110110101101010
1011101010101101110110110101101101110
1011101010101101110110110101101101010
101110101010110111011011011101101110
101110101010110111011011011101101010
10111010101011011101011101010101101110
10111010101011011101011101010101101010
1011101010101101110101110110101101110
1011101010101101110101110110101101010
1011101010101101110101110101101101110
1011101010101101110101110101101101010
101110101010110111010111011101101110
101110101010110111010111011101101010
1011101010101101110111101010101101110
1011101010101101110111101010101101010
101110101010110111011110110101101110
101110101010110111011110110101101010
101110101010110111011110101101101110
101110101010110111011110101101101010
10111010101011011101111011101101110
10111010101011011101111011101101010
101110101010110101010101101010101101110
101110101010110101010101101010101101010
10111010101011010101010110110101101110
10111010101011010101010110110101101010
10111010101011010101010110101101101110
10111010101011010101010110101101101010
1011101010101101010101011011101101110
1011101010101101010101011011101101010
10111010101011010101101101010101101110
10111010101011010101101101010101101010
1011101010101101010110110110101101110
1011101010101101010110110110101101010
1011101010101101010110110101101101110
1011101010101101010110110101101101010
101110101010110101011011011101101110
101110101010110101011011011101101010
10111010101011010101011101010101101110
10111010101011010101011101010101101010
1011101010101101010101110110101101110
1011101010101101010101110110101101010
1011101010101101010101110101101101110
1011101010101101010101110101101101010
101110101010110101010111011101101110
101110101010110101010111011101101010
1011101010101101010111101010101101110
1011101010101101010111101010101101010
101110101010110101011110110101101110
101110101010110101011110110101101010
101110101010110101011110101101101110
101110101010110101011110101101101010
10111010101011010101111011101101110
10111010101011010101111011101101010
10111011010110111010101101010101101110
10111011010110111010101101010101101010
1011101101011011101010110110101101110
1011101101011011101010110110101101010
1011101101011011101010110101101101110
1011101101011011101010110101101101010
101110110101101110101011011101101110
101110110101101110101011011101101010
1011101101011011101101101010101101110
1011101101011011101101101010101101010
101110110101101110110110110101101110
101110110101101110110110110101101010
101110110101101110110110101101101110
101110110101101110110110101101101010
10111011010110111011011011101101110
10111011010110111011011011101101010
1011101101011011101011101010101101110
1011101101011011101011101010101101010
101110110101101110101110110101101110
101110110101101110101110110101101010
101110110101101110101110101101101110
101110110101101110101110101101101010
10111011010110111010111011101101110
10111011010110111010111011101101010
101110110101101110111101010101101110
101110110101101110111101010101101010
10111011010110111011110110101101110
10111011010110111011110110101101010
10111011010110111011110101101101110
10111011010110111011110101101101010
1011101101011011101111011101101110
1011101101011011101111011101101010
10111011010110111010101101010101101110
10111011010110111010101101010101101010
1011101101011011101010110110101101110
1011101101011011101010110110101101010
1011101101011011101010110101101101110
1011101101011011101010110101101101010
101110110101101110101011011101101110
101110110101101110101011011101101010
1011101101011011101101101010101101110
1011101101011011101101101010101101010
101110110101101110110110110101101110
101110110101101110110110110101101010
101110110101101110110110101101101110
101110110101101110110110101101101010
10111011010110111011011011101101110
10111011010110111011011011101101010
1011101101011011101011101010101101110
1011101101011011101011101010101101010
101110110101101110101110110101101110
101110110101101110101110110101101010
101110110101101110101110101101101110
101110110101101110101110101101101010
10111011010110111010111011101101110
10111011010110111010111011101101010
101110110101101110111101010101101110
101110110101101110111101010101101010
10111011010110111011110110101101110
10111011010110111011110110101101010
10111011010110111011110101101101110
10111011010110111011110101101101010
1011101101011011101111011101101110
1011101101011011101111011101101010
10111011010110101010101101010101101110
10111011010110101010101101010101101010
1011101101011010101010110110101101110
1011101101011010101010110110101101010
1011101101011010101010110101101101110
1011101101011010101010110101101101010
101110110101101010101011011101101110
101110110101101010101011011101101010
1011101101011010101101101010101101110
1011101101011010101101101010101101010
101110110101101010110110110101101110
101110110101101010110110110101101010
101110110101101010110110101101101110
101110110101101010110110101101101010
10111011010110101011011011101101110
10111011010110101011011011101101010
1011101101011010101011101010101101110
1011101101011010101011101010101101010
101110110101101010101110110101101110
101110110101101010101110110101101010
101110110101101010101110101101101110
101110110101101010101110101101101010
10111011010110101010111011101101110
10111011010110101010111011101101010
101110110101101010111101010101101110
101110110101101010111101010101101010
10111011010110101011110110101101110
10111011010110101011110110101101010
10111011010110101011110101101101110
10111011010110101011110101101101010
1011101101011010101111011101101110
1011101101011010101111011101101010
10111010110110111010101101010101101110
10111010110110111010101101010101101010
1011101011011011101010110110101101110
1011101011011011101010110110101101010
1011101011011011101010110101101101110
1011101011011011101010110101101101010
101110101101101110101011011101101110
101110101101101110101011011101101010
1011101011011011101101101010101101110
1011101011011011101101101010101101010
101110101101101110110110110101101110
101110101101101110110110110101101010
101110101101101110110110101101101110
101110101101101110110110101101101010
10111010110110111011011011101101110
10111010110110111011011011101101010
1011101011011011101011101010101101110
1011101011011011101011101010101101010
101110101101101110101110110101101110
101110101101101110101110110101101010
101110101101101110101110101101101110
101110101101101110101110101101101010
10111010110110111010111011101101110
10111010110110111010111011101101010
101110101101101110111101010101101110
101110101101101110111101010101101010
10111010110110111011110110101101110
10111010110110111011110110101101010
10111010110110111011110101101101110
10111010110110111011110101101101010
1011101011011011101111011101101110
1011101011011011101111011101101010
10111010110110111010101101010101101110
10111010110110111010101101010101101010
1011101011011011101010110110101101110
1011101011011011101010110110101101010
1011101011011011101010110101101101110
1011101011011011101010110101101101010
101110101101101110101011011101101110
101110101101101110101011011101101010
1011101011011011101101101010101101110
1011101011011011101101101010101101010
101110101101101110110110110101101110
101110101101101110110110110101101010
101110101101101110110110101101101110
101110101101101110110110101101101010
10111010110110111011011011101101110
10111010110110111011011011101101010
1011101011011011101011101010101101110
1011101011011011101011101010101101010
101110101101101110101110110101101110
101110101101101110101110110101101010
101110101101101110101110101101101110
101110101101101110101110101101101010
10111010110110111010111011101101110
10111010110110111010111011101101010
101110101101101110111101010101101110
101110101101101110111101010101101010
10111010110110111011110110101101110
10111010110110111011110110101101010
10111010110110111011110101101101110
10111010110110111011110101101101010
1011101011011011101111011101101110
1011101011011011101111011101101010
10111010110110101010101101010101101110
10111010110110101010101101010101101010
1011101011011010101010110110101101110
1011101011011010101010110110101101010
1011101011011010101010110101101101110
1011101011011010101010110101101101010
101110101101101010101011011101101110
101110101101101010101011011101101010
1011101011011010101101101010101101110
1011101011011010101101101010101101010
101110101101101010110110110101101110
101110101101101010110110110101101010
101110101101101010110110101101101110
101110101101101010110110101101101010
10111010110110101011011011101101110
10111010110110101011011011101101010
1011101011011010101011101010101101110
1011101011011010101011101010101101010
101110101101101010101110110101101110
101110101101101010101110110101101010
101110101101101010101110101101101110
101110101101101010101110101101101010
10111010110110101010111011101101110
10111010110110101010111011101101010
101110101101101010111101010101101110
101110101101101010111101010101101010
10111010110110101011110110101101110
10111010110110101011110110101101010
10111010110110101011110101101101110
10111010110110101011110101101101010
1011101011011010101111011101101110
1011101011011010101111011101101010
1011101110110111010101101010101101110
1011101110110111010101101010101101010
101110111011011101010110110101101110
101110111011011101010110110101101010
101110111011011101010110101101101110
101110111011011101010110101101101010
10111011101101110101011011101101110
10111011101101110101011011101101010
101110111011011101101101010101101110
101110111011011101101101010101101010
10111011101101110110110110101101110
10111011101101110110110110101101010
10111011101101110110110101101101110
10111011101101110110110101101101010
1011101110110111011011011101101110
1011101110110111011011011101101010
101110111011011101011101010101101110
101110111011011101011101010101101010
10111011101101110101110110101101110
10111011101101110101110110101101010
10111011101101110101110101101101110
10111011101101110101110101101101010
1011101110110111010111011101101110
1011101110110111010111011101101010
10111011101101110111101010101101110
10111011101101110111101010101101010
1011101110110111011110110101101110
1011101110110111011110110101101010
1011101110110111011110101101101110
1011101110110111011110101101101010
101110111011011101111011101101110
101110111011011101111011101101010
1011101110110111010101101010101101110
1011101110110111010101101010101101010
101110111011011101010110110101101110
101110111011011101010110110101101010
101110111011011101010110101101101110
101110111011011101010110101101101010
10111011101101110101011011101101110
10111011101101110101011011101101010
101110111011011101101101010101101110
101110111011011101101101010101101010
10111011101101110110110110101101110
10111011101101110110110110101101010
10111011101101110110110101101101110
10111011101101110110110101101101010
1011101110110111011011011101101110
1011101110110111011011011101101010
101110111011011101011101010101101110
101110111011011101011101010101101010
10111011101101110101110110101101110
10111011101101110101110110101101010
10111011101101110101110101101101110
10111011101101110101110101101101010
1011101110110111010111011101101110
1011101110110111010111011101101010
10111011101101110111101010101101110
10111011101101110111101010101101010
1011101110110111011110110101101110
1011101110110111011110110101101010
1011101110110111011110101101101110
1011101110110111011110101101101010
101110111011011101111011101101110
101110111011011101111011101101010
1011101110110101010101101010101101110
1011101110110101010101101010101101010
101110111011010101010110110101101110
101110111011010101010110110101101010
101110111011010101010110101101101110
101110111011010101010110101101101010
10111011101101010101011011101101110
10111011101101010101011011101101010
101110111011010101101101010101101110
101110111011010101101101010101101010
10111011101101010110110110101101110
10111011101101010110110110101101010
10111011101101010110110101101101110
10111011101101010110110101101101010
1011101110110101011011011101101110
1011101110110101011011011101101010
101110111011010101011101010101101110
101110111011010101011101010101101010
10111011101101010101110110101101110
10111011101101010101110110101101010
10111011101101010101110101101101110
10111011101101010101110101101101010
1011101110110101010111011101101110
1011101110110101010111011101101010
10111011101101010111101010101101110
10111011101101010111101010101101010
1011101110110101011110110101101110
1011101110110101011110110101101010
1011101110110101011110101101101110
1011101110110101011110101101101010
101110111011010101111011101101110
101110111011010101111011101101010
11110101010110111010101101010101101110
11110101010110111010101101010101101010
1111010101011011101010110110101101110
1111010101011011101010110110101101010
1111010101011011101010110101101101110
1111010101011011101010110101101101010
111101010101101110101011011101101110
111101010101101110101011011101101010
1111010101011011101101101010101101110
1111010101011011101101101010101101010
111101010101101110110110110101101110
111101010101101110110110110101101010
111101010101101110110110101101101110
111101010101101110110110101101101010
11110101010110111011011011101101110
11110101010110111011011011101101010
1111010101011011101011101010101101110
1111010101011011101011101010101101010
111101010101101110101110110101101110
111101010101101110101110110101101010
111101010101101110101110101101101110
111101010101101110101110101101101010
11110101010110111010111011101101110
11110101010110111010111011101101010
111101010101101110111101010101101110
111101010101101110111101010101101010
11110101010110111011110110101101110
11110101010110111011110110101101010
11110101010110111011110101101101110
11110101010110111011110101101101010
1111010101011011101111011101101110
1111010101011011101111011101101010
11110101010110111010101101010101101110
11110101010110111010101101010101101010
1111010101011011101010110110101101110
1111010101011011101010110110101101010
1111010101011011101010110101101101110
1111010101011011101010110101101101010
111101010101101110101011011101101110
111101010101101110101011011101101010
1111010101011011101101101010101101110
1111010101011011101101101010101101010
111101010101101110110110110101101110
111101010101101110110110110101101010
111101010101101110110110101101101110
111101010101101110110110101101101010
11110101010110111011011011101101110
11110101010110111011011011101101010
1111010101011011101011101010101101110
1111010101011011101011101010101101010
111101010101101110101110110101101110
111101010101101110101110110101101010
111101010101101110101110101101101110
111101010101101110101110101101101010
11110101010110111010111011101101110
11110101010110111010111011101101010
111101010101101110111101010101101110
111101010101101110111101010101101010
11110101010110111011110110101101110
11110101010110111011110110101101010
11110101010110111011110101101101110
11110101010110111011110101101101010
1111010101011011101111011101101110
1111010101011011101111011101101010
11110101010110101010101101010101101110
11110101010110101010101101010101101010
1111010101011010101010110110101101110
1111010101011010101010110110101101010
1111010101011010101010110101101101110
1111010101011010101010110101101101010
111101010101101010101011011101101110
111101010101101010101011011101101010
1111010101011010101101101010101101110
1111010101011010101101101010101101010
111101010101101010110110110101101110
111101010101101010110110110101101010
111101010101101010110110101101101110
111101010101101010110110101101101010
11110101010110101011011011101101110
11110101010110101011011011101101010
1111010101011010101011101010101101110
1111010101011010101011101010101101010
111101010101101010101110110101101110
111101010101101010101110110101101010
111101010101101010101110101101101110
111101010101101010101110101101101010
11110101010110101010111011101101110
11110101010110101010111011101101010
111101010101101010111101010101101110
111101010101101010111101010101101010
11110101010110101011110110101101110
11110101010110101011110110101101010
11110101010110101011110101101101110
11110101010110101011110101101101010
1111010101011010101111011101101110
1111010101011010101111011101101010
1111011010110111010101101010101101110
1111011010110111010101101010101101010
111101101011011101010110110101101110
111101101011011101010110110101101010
111101101011011101010110101101101110
111101101011011101010110101101101010
11110110101101110101011011101101110
11110110101101110101011011101101010
111101101011011101101101010101101110
111101101011011101101101010101101010
11110110101101110110110110101101110
11110110101101110110110110101101010
11110110101101110110110101101101110
11110110101101110110110101101101010
1111011010110111011011011101101110
1111011010110111011011011101101010
111101101011011101011101010101101110
111101101011011101011101010101101010
11110110101101110101110110101101110
11110110101101110101110110101101010
11110110101101110101110101101101110
11110110101101110101110101101101010
1111011010110111010111011101101110
1111011010110111010111011101101010
11110110101101110111101010101101110
11110110101101110111101010101101010
1111011010110111011110110101101110
1111011010110111011110110101101010
1111011010110111011110101101101110
1111011010110111011110101101101010
111101101011011101111011101101110
111101101011011101111011101101010
1111011010110111010101101010101101110
1111011010110111010101101010101101010
111101101011011101010110110101101110
111101101011011101010110110101101010
111101101011011101010110101101101110
111101101011011101010110101101101010
11110110101101110101011011101101110
11110110101101110101011011101101010
111101101011011101101101010101101110
111101101011011101101101010101101010
11110110101101110110110110101101110
11110110101101110110110110101101010
11110110101101110110110101101101110
11110110101101110110110101101101010
1111011010110111011011011101101110
1111011010110111011011011101101010
111101101011011101011101010101101110
111101101011011101011101010101101010
11110110101101110101110110101101110
11110110101101110101110110101101010
11110110101101110101110101101101110
11110110101101110101110101101101010
1111011010110111010111011101101110
1111011010110111010111011101101010
11110110101101110111101010101101110
11110110101101110111101010101101010
1111011010110111011110110101101110
1111011010110111011110110101101010
1111011010110111011110101101101110
1111011010110111011110101101101010
111101101011011101111011101101110
111101101011011101111011101101010
1111011010110101010101101010101101110
1111011010110101010101101010101101010
111101101011010101010110110101101110
111101101011010101010110110101101010
111101101011010101010110101101101110
111101101011010101010110101101101010
11110110101101010101011011101101110
11110110101101010101011011101101010
111101101011010101101101010101101110
111101101011010101101101010101101010
11110110101101010110110110101101110
11110110101101010110110110101101010
11110110101101010110110101101101110
11110110101101010110110101101101010
1111011010110101011011011101101110
1111011010110101011011011101101010
111101101011010101011101010101101110
111101101011010101011101010101101010
11110110101101010101110110101101110
11110110101101010101110110101101010
11110110101101010101110101101101110
11110110101101010101110101101101010
1111011010110101010111011101101110
1111011010110101010111011101101010
11110110101101010111101010101101110
11110110101101010111101010101101010
1111011010110101011110110101101110
1111011010110101011110110101101010
1111011010110101011110101101101110
1111011010110101011110101101101010
111101101011010101111011101101110
111101101011010101111011101101010
1111010110110111010101101010101101110
1111010110110111010101101010101101010
111101011011011101010110110101101110
111101011011011101010110110101101010
111101011011011101010110101101101110
111101011011011101010110101101101010
11110101101101110101011011101101110
11110101101101110101011011101101010
111101011011011101101101010101101110
111101011011011101101101010101101010
11110101101101110110110110101101110
11110101101101110110110110101101010
11110101101101110110110101101101110
11110101101101110110110101101101010
1111010110110111011011011101101110
1111010110110111011011011101101010
111101011011011101011101010101101110
111101011011011101011101010101101010
11110101101101110101110110101101110
11110101101101110101110110101101010
11110101101101110101110101101101110
11110101101101110101110101101101010
1111010110110111010111011101101110
1111010110110111010111011101101010
11110101101101110111101010101101110
11110101101101110111101010101101010
1111010110110111011110110101101110
1111010110110111011110110101101010
1111010110110111011110101101101110
1111010110110111011110101101101010
111101011011011101111011101101110
111101011011011101111011101101010
1111010110110111010101101010101101110
1111010110110111010101101010101101010
111101011011011101010110110101101110
111101011011011101010110110101101010
111101011011011101010110101101101110
111101011011011101010110101101101010
11110101101101110101011011101101110
11110101101101110101011011101101010
111101011011011101101101010101101110
111101011011011101101101010101101010
11110101101101110110110110101101110
11110101101101110110110110101101010
11110101101101110110110101101101110
11110101101101110110110101101101010
1111010110110111011011011101101110
1111010110110111011011011101101010
111101011011011101011101010101101110
111101011011011101011101010101101010
11110101101101110101110110101101110
11110101101101110101110110101101010
11110101101101110101110101101101110
11110101101101110101110101101101010
1111010110110111010111011101101110
1111010110110111010111011101101010
11110101101101110111101010101101110
11110101101101110111101010101101010
1111010110110111011110110101101110
1111010110110111011110110101101010
1111010110110111011110101101101110
1111010110110111011110101101101010
111101011011011101111011101101110
111101011011011101111011101101010
1111010110110101010101101010101101110
1111010110110101010101101010101101010
111101011011010101010110110101101110
111101011011010101010110110101101010
111101011011010101010110101101101110
111101011011010101010110101101101010
11110101101101010101011011101101110
11110101101101010101011011101101010
111101011011010101101101010101101110
111101011011010101101101010101101010
11110101101101010110110110101101110
11110101101101010110110110101101010
11110101101101010110110101101101110
11110101101101010110110101101101010
1111010110110101011011011101101110
1111010110110101011011011101101010
111101011011010101011101010101101110
111101011011010101011101010101101010
11110101101101010101110110101101110
11110101101101010101110110101101010
11110101101101010101110101101101110
11110101101101010101110101101101010
1111010110110101010111011101101110
1111010110110101010111011101101010
11110101101101010111101010101101110
11110101101101010111101010101101010
1111010110110101011110110101101110
1111010110110101011110110101101010
1111010110110101011110101101101110
1111010110110101011110101101101010
111101011011010101111011101101110
111101011011010101111011101101010
111101110110111010101101010101101110
111101110110111010101101010101101010
11110111011011101010110110101101110
11110111011011101010110110101101010
11110111011011101010110101101101110
11110111011011101010110101101101010
1111011101101110101011011101101110
1111011101101110101011011101101010
11110111011011101101101010101101110
11110111011011101101101010101101010
1111011101101110110110110101101110
1111011101101110110110110101101010
1111011101101110110110101101101110
1111011101101110110110101101101010
111101110110111011011011101101110
111101110110111011011011101101010
11110111011011101011101010101101110
11110111011011101011101010101101010
1111011101101110101110110101101110
1111011101101110101110110101101010
1111011101101110101110101101101110
1111011101101110101110101101101010
111101110110111010111011101101110
111101110110111010111011101101010
1111011101101110111101010101101110
1111011101101110111101010101101010
111101110110111011110110101101110
111101110110111011110110101101010
111101110110111011110101101101110
111101110110111011110101101101010
11110111011011101111011101101110
11110111011011101111011101101010
111101110110111010101101010101101110
111101110110111010101101010101101010
11110111011011101010110110101101110
11110111011011101010110110101101010
11110111011011101010110101101101110
11110111011011101010110101101101010
1111011101101110101011011101101110
1111011101101110101011011101101010
11110111011011101101101010101101110
11110111011011101101101010101101010
1111011101101110110110110101101110
1111011101101110110110110101101010
1111011101101110110110101101101110
1111011101101110110110101101101010
111101110110111011011011101101110
111101110110111011011011101101010
11110111011011101011101010101101110
11110111011011101011101010101101010
1111011101101110101110110101101110
1111011101101110101110110101101010
1111011101101110101110101101101110
1111011101101110101110101101101010
111101110110111010111011101101110
111101110110111010111011101101010
1111011101101110111101010101101110
1111011101101110111101010101101010
111101110110111011110110101101110
111101110110111011110110101101010
111101110110111011110101101101110
111101110110111011110101101101010
11110111011011101111011101101110
11110111011011101111011101101010
111101110110101010101101010101101110
111101110110101010101101010101101010
11110111011010101010110110101101110
11110111011010101010110110101101010
11110111011010101010110101101101110
11110111011010101010110101101101010
1111011101101010101011011101101110
1111011101101010101011011101101010
11110111011010101101101010101101110
11110111011010101101101010101101010
1111011101101010110110110101101110
1111011101101010110110110101101010
1111011101101010110110101101101110
1111011101101010110110101101101010
111101110110101011011011101101110
111101110110101011011011101101010
11110111011010101011101010101101110
11110111011010101011101010101101010
1111011101101010101110110101101110
1111011101101010101110110101101010
1111011101101010101110101101101110
1111011101101010101110101101101010
111101110110101010111011101101110
111101110110101010111011101101010
1111011101101010111101010101101110
1111011101101010111101010101101010
111101110110101011110110101101110
111101110110101011110110101101010
111101110110101011110101101101110
111101110110101011110101101101010
11110111011010101111011101101110
11110111011010101111011101101010
1010110101010
10101101010100
110110101010
1101101010100
101110101010
1011101010100
11110101010
111101010100