1101011010110101101011010110101101011010
11010110101101011010110101101011010110
110101101011010110101101011010110101100
1101011010110101101011010110101101010
110101101011010110101101011010110111010
1101011010110101101011010110101101110
11010110101101011010110101101011011100
110101101011010110101101011010110110
110101101011010110101101011011101011010
1101011010110101101011010110111010110
11010110101101011010110101101110101100
110101101011010110101101011011101010
11010110101101011010110101101110111010
110101101011010110101101011011101110
1101011010110101101011010110111011100
11010110101101011010110101101110110
110101101011010110101101110101101011010
1101011010110101101011011101011010110
11010110101101011010110111010110101100
110101101011010110101101110101101010
11010110101101011010110111010110111010
110101101011010110101101110101101110
1101011010110101101011011101011011100
11010110101101011010110111010110110
11010110101101011010110111011101011010
110101101011010110101101110111010110
1101011010110101101011011101110101100
11010110101101011010110111011101010
1101011010110101101011011101110111010
11010110101101011010110111011101110
110101101011010110101101110111011100
1101011010110101101011011101110110
110101101011011101011010110101101011010
1101011010110111010110101101011010110
11010110101101110101101011010110101100
110101101011011101011010110101101010
11010110101101110101101011010110111010
110101101011011101011010110101101110
1101011010110111010110101101011011100
11010110101101110101101011010110110
11010110101101110101101011011101011010
110101101011011101011010110111010110
1101011010110111010110101101110101100
11010110101101110101101011011101010
1101011010110111010110101101110111010
11010110101101110101101011011101110
110101101011011101011010110111011100
1101011010110111010110101101110110
11010110101101110101101110101101011010
110101101011011101011011101011010110
1101011010110111010110111010110101100
11010110101101110101101110101101010
1101011010110111010110111010110111010
11010110101101110101101110101101110
110101101011011101011011101011011100
1101011010110111010110111010110110
1101011010110111010110111011101011010
11010110101101110101101110111010110
110101101011011101011011101110101100
1101011010110111010110111011101010
110101101011011101011011101110111010
1101011010110111010110111011101110
11010110101101110101101110111011100
110101101011011101011011101110110
110101101110101101011010110101101011010
1101011011101011010110101101011010110
11010110111010110101101011010110101100
110101101110101101011010110101101010
11010110111010110101101011010110111010
110101101110101101011010110101101110
1101011011101011010110101101011011100
11010110111010110101101011010110110
11010110111010110101101011011101011010
110101101110101101011010110111010110
1101011011101011010110101101110101100
11010110111010110101101011011101010
1101011011101011010110101101110111010
11010110111010110101101011011101110
110101101110101101011010110111011100
1101011011101011010110101101110110
11010110111010110101101110101101011010
110101101110101101011011101011010110
1101011011101011010110111010110101100
11010110111010110101101110101101010
1101011011101011010110111010110111010
11010110111010110101101110101101110
110101101110101101011011101011011100
1101011011101011010110111010110110
1101011011101011010110111011101011010
11010110111010110101101110111010110
110101101110101101011011101110101100
1101011011101011010110111011101010
110101101110101101011011101110111010
1101011011101011010110111011101110
11010110111010110101101110111011100
110101101110101101011011101110110
11010110111011101011010110101101011010
110101101110111010110101101011010110
1101011011101110101101011010110101100
11010110111011101011010110101101010
1101011011101110101101011010110111010
11010110111011101011010110101101110
110101101110111010110101101011011100
1101011011101110101101011010110110
1101011011101110101101011011101011010
11010110111011101011010110111010110
110101101110111010110101101110101100
1101011011101110101101011011101010
110101101110111010110101101110111010
1101011011101110101101011011101110
11010110111011101011010110111011100
110101101110111010110101101110110
1101011011101110101101110101101011010
11010110111011101011011101011010110
110101101110111010110111010110101100
1101011011101110101101110101101010
110101101110111010110111010110111010
1101011011101110101101110101101110
11010110111011101011011101011011100
110101101110111010110111010110110
110101101110111010110111011101011010
1101011011101110101101110111010110
11010110111011101011011101110101100
110101101110111010110111011101010
11010110111011101011011101110111010
110101101110111010110111011101110
1101011011101110101101110111011100
11010110111011101011011101110110
110111010110101101011010110101101011010
1101110101101011010110101101011010110
11011101011010110101101011010110101100
110111010110101101011010110101101010
11011101011010110101101011010110111010
110111010110101101011010110101101110
1101110101101011010110101101011011100
11011101011010110101101011010110110
11011101011010110101101011011101011010
110111010110101101011010110111010110
1101110101101011010110101101110101100
11011101011010110101101011011101010
1101110101101011010110101101110111010
11011101011010110101101011011101110
110111010110101101011010110111011100
1101110101101011010110101101110110
11011101011010110101101110101101011010
110111010110101101011011101011010110
1101110101101011010110111010110101100
11011101011010110101101110101101010
1101110101101011010110111010110111010
11011101011010110101101110101101110
110111010110101101011011101011011100
1101110101101011010110111010110110
1101110101101011010110111011101011010
11011101011010110101101110111010110
110111010110101101011011101110101100
1101110101101011010110111011101010
110111010110101101011011101110111010
1101110101101011010110111011101110
11011101011010110101101110111011100
110111010110101101011011101110110
11011101011011101011010110101101011010
110111010110111010110101101011010110
1101110101101110101101011010110101100
11011101011011101011010110101101010
1101110101101110101101011010110111010
11011101011011101011010110101101110
110111010110111010110101101011011100
1101110101101110101101011010110110
1101110101101110101101011011101011010
11011101011011101011010110111010110
110111010110111010110101101110101100
1101110101101110101101011011101010
110111010110111010110101101110111010
1101110101101110101101011011101110
11011101011011101011010110111011100
110111010110111010110101101110110
1101110101101110101101110101101011010
11011101011011101011011101011010110
110111010110111010110111010110101100
1101110101101110101101110101101010
110111010110111010110111010110111010
1101110101101110101101110101101110
11011101011011101011011101011011100
110111010110111010110111010110110
110111010110111010110111011101011010
1101110101101110101101110111010110
11011101011011101011011101110101100
110111010110111010110111011101010
11011101011011101011011101110111010
110111010110111010110111011101110
1101110101101110101101110111011100
11011101011011101011011101110110
11011101110101101011010110101101011010
110111011101011010110101101011010110
1101110111010110101101011010110101100
11011101110101101011010110101101010
1101110111010110101101011010110111010
11011101110101101011010110101101110
110111011101011010110101101011011100
1101110111010110101101011010110110
1101110111010110101101011011101011010
11011101110101101011010110111010110
110111011101011010110101101110101100
1101110111010110101101011011101010
110111011101011010110101101110111010
1101110111010110101101011011101110
11011101110101101011010110111011100
110111011101011010110101101110110
1101110111010110101101110101101011010
11011101110101101011011101011010110
110111011101011010110111010110101100
1101110111010110101101110101101010
110111011101011010110111010110111010
1101110111010110101101110101101110
11011101110101101011011101011011100
110111011101011010110111010110110
110111011101011010110111011101011010
1101110111010110101101110111010110
11011101110101101011011101110101100
110111011101011010110111011101010
11011101110101101011011101110111010
110111011101011010110111011101110
1101110111010110101101110111011100
11011101110101101011011101110110
1101110111011101011010110101101011010
11011101110111010110101101011010110
110111011101110101101011010110101100
1101110111011101011010110101101010
110111011101110101101011010110111010
1101110111011101011010110101101110
11011101110111010110101101011011100
110111011101110101101011010110110
110111011101110101101011011101011010
1101110111011101011010110111010110
11011101110111010110101101110101100
110111011101110101101011011101010
11011101110111010110101101110111010
110111011101110101101011011101110
1101110111011101011010110111011100
11011101110111010110101101110110
110111011101110101101110101101011010
1101110111011101011011101011010110
11011101110111010110111010110101100
110111011101110101101110101101010
11011101110111010110111010110111010
110111011101110101101110101101110
1101110111011101011011101011011100
11011101110111010110111010110110
11011101110111010110111011101011010
110111011101110101101110111010110
1101110111011101011011101110101100
11011101110111010110111011101010
1101110111011101011011101110111010
11011101110111010110111011101110
110111011101110101101110111011100
1101110111011101011011101110110
101011010110101101011010110101101011010
1010110101101011010110101101011010110
10101101011010110101101011010110101100
101011010110101101011010110101101010
10101101011010110101101011010110111010
101011010110101101011010110101101110
1010110101101011010110101101011011100
10101101011010110101101011010110110
10101101011010110101101011011101011010
101011010110101101011010110111010110
1010110101101011010110101101110101100
10101101011010110101101011011101010
1010110101101011010110101101110111010
10101101011010110101101011011101110
101011010110101101011010110111011100
1010110101101011010110101101110110
10101101011010110101101110101101011010
101011010110101101011011101011010110
1010110101101011010110111010110101100
10101101011010110101101110101101010
1010110101101011010110111010110111010
10101101011010110101101110101101110
101011010110101101011011101011011100
1010110101101011010110111010110110
1010110101101011010110111011101011010
10101101011010110101101110111010110
101011010110101101011011101110101100
1010110101101011010110111011101010
101011010110101101011011101110111010
1010110101101011010110111011101110
10101101011010110101101110111011100
101011010110101101011011101110110
10101101011011101011010110101101011010
101011010110111010110101101011010110
1010110101101110101101011010110101100
10101101011011101011010110101101010
1010110101101110101101011010110111010
10101101011011101011010110101101110
101011010110111010110101101011011100
1010110101101110101101011010110110
1010110101101110101101011011101011010
10101101011011101011010110111010110
101011010110111010110101101110101100
1010110101101110101101011011101010
101011010110111010110101101110111010
1010110101101110101101011011101110
10101101011011101011010110111011100
101011010110111010110101101110110
1010110101101110101101110101101011010
10101101011011101011011101011010110
101011010110111010110111010110101100
1010110101101110101101110101101010
101011010110111010110111010110111010
1010110101101110101101110101101110
10101101011011101011011101011011100
101011010110111010110111010110110
101011010110111010110111011101011010
1010110101101110101101110111010110
10101101011011101011011101110101100
101011010110111010110111011101010
10101101011011101011011101110111010
101011010110111010110111011101110
1010110101101110101101110111011100
10101101011011101011011101110110
10101101110101101011010110101101011010
101011011101011010110101101011010110
1010110111010110101101011010110101100
10101101110101101011010110101101010
1010110111010110101101011010110111010
10101101110101101011010110101101110
101011011101011010110101101011011100
1010110111010110101101011010110110
1010110111010110101101011011101011010
10101101110101101011010110111010110
101011011101011010110101101110101100
1010110111010110101101011011101010
101011011101011010110101101110111010
1010110111010110101101011011101110
10101101110101101011010110111011100
101011011101011010110101101110110
1010110111010110101101110101101011010
10101101110101101011011101011010110
101011011101011010110111010110101100
1010110111010110101101110101101010
101011011101011010110111010110111010
1010110111010110101101110101101110
10101101110101101011011101011011100
101011011101011010110111010110110
101011011101011010110111011101011010
1010110111010110101101110111010110
10101101110101101011011101110101100
101011011101011010110111011101010
10101101110101101011011101110111010
101011011101011010110111011101110
1010110111010110101101110111011100
10101101110101101011011101110110
1010110111011101011010110101101011010
10101101110111010110101101011010110
101011011101110101101011010110101100
1010110111011101011010110101101010
101011011101110101101011010110111010
1010110111011101011010110101101110
10101101110111010110101101011011100
101011011101110101101011010110110
101011011101110101101011011101011010
1010110111011101011010110111010110
10101101110111010110101101110101100
101011011101110101101011011101010
10101101110111010110101101110111010
101011011101110101101011011101110
1010110111011101011010110111011100
10101101110111010110101101110110
101011011101110101101110101101011010
1010110111011101011011101011010110
10101101110111010110111010110101100
101011011101110101101110101101010
10101101110111010110111010110111010
101011011101110101101110101101110
1010110111011101011011101011011100
10101101110111010110111010110110
10101101110111010110111011101011010
101011011101110101101110111010110
1010110111011101011011101110101100
10101101110111010110111011101010
1010110111011101011011101110111010
10101101110111010110111011101110
101011011101110101101110111011100
1010110111011101011011101110110
10111010110101101011010110101101011010
101110101101011010110101101011010110
1011101011010110101101011010110101100
10111010110101101011010110101101010
1011101011010110101101011010110111010
10111010110101101011010110101101110
101110101101011010110101101011011100
1011101011010110101101011010110110
1011101011010110101101011011101011010
10111010110101101011010110111010110
101110101101011010110101101110101100
1011101011010110101101011011101010
101110101101011010110101101110111010
1011101011010110101101011011101110
10111010110101101011010110111011100
101110101101011010110101101110110
1011101011010110101101110101101011010
10111010110101101011011101011010110
101110101101011010110111010110101100
1011101011010110101101110101101010
101110101101011010110111010110111010
1011101011010110101101110101101110
10111010110101101011011101011011100
101110101101011010110111010110110
101110101101011010110111011101011010
1011101011010110101101110111010110
10111010110101101011011101110101100
101110101101011010110111011101010
10111010110101101011011101110111010
101110101101011010110111011101110
1011101011010110101101110111011100
10111010110101101011011101110110
1011101011011101011010110101101011010
10111010110111010110101101011010110
101110101101110101101011010110101100
1011101011011101011010110101101010
101110101101110101101011010110111010
1011101011011101011010110101101110
10111010110111010110101101011011100
101110101101110101101011010110110
101110101101110101101011011101011010
1011101011011101011010110111010110
10111010110111010110101101110101100
101110101101110101101011011101010
10111010110111010110101101110111010
101110101101110101101011011101110
1011101011011101011010110111011100
10111010110111010110101101110110
101110101101110101101110101101011010
1011101011011101011011101011010110
10111010110111010110111010110101100
101110101101110101101110101101010
10111010110111010110111010110111010
101110101101110101101110101101110
1011101011011101011011101011011100
10111010110111010110111010110110
10111010110111010110111011101011010
101110101101110101101110111010110
1011101011011101011011101110101100
10111010110111010110111011101010
1011101011011101011011101110111010
10111010110111010110111011101110
101110101101110101101110111011100
1011101011011101011011101110110
1011101110101101011010110101101011010
10111011101011010110101101011010110
101110111010110101101011010110101100
1011101110101101011010110101101010
101110111010110101101011010110111010
1011101110101101011010110101101110
10111011101011010110101101011011100
101110111010110101101011010110110
101110111010110101101011011101011010
1011101110101101011010110111010110
10111011101011010110101101110101100
101110111010110101101011011101010
10111011101011010110101101110111010
101110111010110101101011011101110
1011101110101101011010110111011100
10111011101011010110101101110110
101110111010110101101110101101011010
1011101110101101011011101011010110
10111011101011010110111010110101100
101110111010110101101110101101010
10111011101011010110111010110111010
101110111010110101101110101101110
1011101110101101011011101011011100
10111011101011010110111010110110
10111011101011010110111011101011010
101110111010110101101110111010110
1011101110101101011011101110101100
10111011101011010110111011101010
1011101110101101011011101110111010
10111011101011010110111011101110
101110111010110101101110111011100
1011101110101101011011101110110
101110111011101011010110101101011010
1011101110111010110101101011010110
10111011101110101101011010110101100
101110111011101011010110101101010
10111011101110101101011010110111010
101110111011101011010110101101110
1011101110111010110101101011011100
10111011101110101101011010110110
10111011101110101101011011101011010
101110111011101011010110111010110
1011101110111010110101101110101100
10111011101110101101011011101010
1011101110111010110101101110111010
10111011101110101101011011101110
101110111011101011010110111011100
1011101110111010110101101110110
10111011101110101101110101101011010
101110111011101011011101011010110
1011101110111010110111010110101100
10111011101110101101110101101010
1011101110111010110111010110111010
10111011101110101101110101101110
101110111011101011011101011011100
1011101110111010110111010110110
1011101110111010110111011101011010
10111011101110101101110111010110
101110111011101011011101110101100
1011101110111010110111011101010
101110111011101011011101110111010
1011101110111010110111011101110
10111011101110101101110111011100
101110111011101011011101110110
110101101011010110111010110101101011010
1101011010110101101110101101011010110
11010110101101011011101011010110101100
110101101011010110111010110101101010
11010110101101011011101011010110111010
110101101011010110111010110101101110
1101011010110101101110101101011011100
11010110101101011011101011010110110
11010110101101011011101011011101011010
110101101011010110111010110111010110
1101011010110101101110101101110101100
11010110101101011011101011011101010
1101011010110101101110101101110111010
11010110101101011011101011011101110
110101101011010110111010110111011100
1101011010110101101110101101110110
11010110101101011011101110101101011010
110101101011010110111011101011010110
1101011010110101101110111010110101100
11010110101101011011101110101101010
1101011010110101101110111010110111010
11010110101101011011101110101101110
110101101011010110111011101011011100
1101011010110101101110111010110110
1101011010110101101110111011101011010
11010110101101011011101110111010110
110101101011010110111011101110101100
1101011010110101101110111011101010
110101101011010110111011101110111010
1101011010110101101110111011101110
11010110101101011011101110111011100
110101101011010110111011101110110
11010110101101110111010110101101011010
110101101011011101110101101011010110
1101011010110111011101011010110101100
11010110101101110111010110101101010
1101011010110111011101011010110111010
11010110101101110111010110101101110
110101101011011101110101101011011100
1101011010110111011101011010110110
1101011010110111011101011011101011010
11010110101101110111010110111010110
110101101011011101110101101110101100
1101011010110111011101011011101010
110101101011011101110101101110111010
1101011010110111011101011011101110
11010110101101110111010110111011100
110101101011011101110101101110110
1101011010110111011101110101101011010
11010110101101110111011101011010110
110101101011011101110111010110101100
1101011010110111011101110101101010
110101101011011101110111010110111010
1101011010110111011101110101101110
11010110101101110111011101011011100
110101101011011101110111010110110
110101101011011101110111011101011010
1101011010110111011101110111010110
11010110101101110111011101110101100
110101101011011101110111011101010
11010110101101110111011101110111010
110101101011011101110111011101110
1101011010110111011101110111011100
11010110101101110111011101110110
11010110111010110111010110101101011010
110101101110101101110101101011010110
1101011011101011011101011010110101100
11010110111010110111010110101101010
1101011011101011011101011010110111010
11010110111010110111010110101101110
110101101110101101110101101011011100
1101011011101011011101011010110110
1101011011101011011101011011101011010
11010110111010110111010110111010110
110101101110101101110101101110101100
1101011011101011011101011011101010
110101101110101101110101101110111010
1101011011101011011101011011101110
11010110111010110111010110111011100
110101101110101101110101101110110
1101011011101011011101110101101011010
11010110111010110111011101011010110
110101101110101101110111010110101100
1101011011101011011101110101101010
110101101110101101110111010110111010
1101011011101011011101110101101110
11010110111010110111011101011011100
110101101110101101110111010110110
110101101110101101110111011101011010
1101011011101011011101110111010110
11010110111010110111011101110101100
110101101110101101110111011101010
11010110111010110111011101110111010
110101101110101101110111011101110
1101011011101011011101110111011100
11010110111010110111011101110110
1101011011101110111010110101101011010
11010110111011101110101101011010110
110101101110111011101011010110101100
1101011011101110111010110101101010
110101101110111011101011010110111010
1101011011101110111010110101101110
11010110111011101110101101011011100
110101101110111011101011010110110
110101101110111011101011011101011010
1101011011101110111010110111010110
11010110111011101110101101110101100
110101101110111011101011011101010
11010110111011101110101101110111010
110101101110111011101011011101110
1101011011101110111010110111011100
11010110111011101110101101110110
110101101110111011101110101101011010
1101011011101110111011101011010110
11010110111011101110111010110101100
110101101110111011101110101101010
11010110111011101110111010110111010
110101101110111011101110101101110
1101011011101110111011101011011100
11010110111011101110111010110110
11010110111011101110111011101011010
110101101110111011101110111010110
1101011011101110111011101110101100
11010110111011101110111011101010
1101011011101110111011101110111010
11010110111011101110111011101110
110101101110111011101110111011100
1101011011101110111011101110110
11011101011010110111010110101101011010
110111010110101101110101101011010110
1101110101101011011101011010110101100
11011101011010110111010110101101010
1101110101101011011101011010110111010
11011101011010110111010110101101110
110111010110101101110101101011011100
1101110101101011011101011010110110
1101110101101011011101011011101011010
11011101011010110111010110111010110
110111010110101101110101101110101100
1101110101101011011101011011101010
110111010110101101110101101110111010
1101110101101011011101011011101110
11011101011010110111010110111011100
110111010110101101110101101110110
1101110101101011011101110101101011010
11011101011010110111011101011010110
110111010110101101110111010110101100
1101110101101011011101110101101010
110111010110101101110111010110111010
1101110101101011011101110101101110
11011101011010110111011101011011100
110111010110101101110111010110110
110111010110101101110111011101011010
1101110101101011011101110111010110
11011101011010110111011101110101100
110111010110101101110111011101010
11011101011010110111011101110111010
110111010110101101110111011101110
1101110101101011011101110111011100
11011101011010110111011101110110
1101110101101110111010110101101011010
11011101011011101110101101011010110
110111010110111011101011010110101100
1101110101101110111010110101101010
110111010110111011101011010110111010
1101110101101110111010110101101110
11011101011011101110101101011011100
110111010110111011101011010110110
110111010110111011101011011101011010
1101110101101110111010110111010110
11011101011011101110101101110101100
110111010110111011101011011101010
11011101011011101110101101110111010
110111010110111011101011011101110
1101110101101110111010110111011100
11011101011011101110101101110110
110111010110111011101110101101011010
1101110101101110111011101011010110
11011101011011101110111010110101100
110111010110111011101110101101010
11011101011011101110111010110111010
110111010110111011101110101101110
1101110101101110111011101011011100
11011101011011101110111010110110
11011101011011101110111011101011010
110111010110111011101110111010110
1101110101101110111011101110101100
11011101011011101110111011101010
1101110101101110111011101110111010
11011101011011101110111011101110
110111010110111011101110111011100
1101110101101110111011101110110
1101110111010110111010110101101011010
11011101110101101110101101011010110
110111011101011011101011010110101100
1101110111010110111010110101101010
110111011101011011101011010110111010
1101110111010110111010110101101110
11011101110101101110101101011011100
110111011101011011101011010110110
110111011101011011101011011101011010
1101110111010110111010110111010110
11011101110101101110101101110101100
110111011101011011101011011101010
11011101110101101110101101110111010
110111011101011011101011011101110
1101110111010110111010110111011100
11011101110101101110101101110110
110111011101011011101110101101011010
1101110111010110111011101011010110
11011101110101101110111010110101100
110111011101011011101110101101010
11011101110101101110111010110111010
110111011101011011101110101101110
1101110111010110111011101011011100
11011101110101101110111010110110
11011101110101101110111011101011010
110111011101011011101110111010110
1101110111010110111011101110101100
11011101110101101110111011101010
1101110111010110111011101110111010
11011101110101101110111011101110
110111011101011011101110111011100
1101110111010110111011101110110
110111011101110111010110101101011010
1101110111011101110101101011010110
11011101110111011101011010110101100
110111011101110111010110101101010
11011101110111011101011010110111010
110111011101110111010110101101110
1101110111011101110101101011011100
11011101110111011101011010110110
11011101110111011101011011101011010
110111011101110111010110111010110
1101110111011101110101101110101100
11011101110111011101011011101010
1101110111011101110101101110111010
11011101110111011101011011101110
110111011101110111010110111011100
1101110111011101110101101110110
11011101110111011101110101101011010
110111011101110111011101011010110
1101110111011101110111010110101100
11011101110111011101110101101010
1101110111011101110111010110111010
11011101110111011101110101101110
110111011101110111011101011011100
1101110111011101110111010110110
1101110111011101110111011101011010
11011101110111011101110111010110
110111011101110111011101110101100
1101110111011101110111011101010
110111011101110111011101110111010
1101110111011101110111011101110
11011101110111011101110111011100
110111011101110111011101110110
10101101011010110111010110101101011010
101011010110101101110101101011010110
1010110101101011011101011010110101100
10101101011010110111010110101101010
1010110101101011011101011010110111010
10101101011010110111010110101101110
101011010110101101110101101011011100
1010110101101011011101011010110110
1010110101101011011101011011101011010
10101101011010110111010110111010110
101011010110101101110101101110101100
1010110101101011011101011011101010
101011010110101101110101101110111010
1010110101101011011101011011101110
10101101011010110111010110111011100
101011010110101101110101101110110
1010110101101011011101110101101011010
10101101011010110111011101011010110
101011010110101101110111010110101100
1010110101101011011101110101101010
101011010110101101110111010110111010
1010110101101011011101110101101110
10101101011010110111011101011011100
101011010110101101110111010110110
101011010110101101110111011101011010
1010110101101011011101110111010110
10101101011010110111011101110101100
101011010110101101110111011101010
10101101011010110111011101110111010
101011010110101101110111011101110
1010110101101011011101110111011100
10101101011010110111011101110110
1010110101101110111010110101101011010
10101101011011101110101101011010110
101011010110111011101011010110101100
1010110101101110111010110101101010
101011010110111011101011010110111010
1010110101101110111010110101101110
10101101011011101110101101011011100
101011010110111011101011010110110
101011010110111011101011011101011010
1010110101101110111010110111010110
10101101011011101110101101110101100
101011010110111011101011011101010
10101101011011101110101101110111010
101011010110111011101011011101110
1010110101101110111010110111011100
10101101011011101110101101110110
101011010110111011101110101101011010
1010110101101110111011101011010110
10101101011011101110111010110101100
101011010110111011101110101101010
10101101011011101110111010110111010
101011010110111011101110101101110
1010110101101110111011101011011100
10101101011011101110111010110110
10101101011011101110111011101011010
101011010110111011101110111010110
1010110101101110111011101110101100
10101101011011101110111011101010
1010110101101110111011101110111010
10101101011011101110111011101110
101011010110111011101110111011100
1010110101101110111011101110110
1010110111010110111010110101101011010
10101101110101101110101101011010110
101011011101011011101011010110101100
1010110111010110111010110101101010
101011011101011011101011010110111010
1010110111010110111010110101101110
10101101110101101110101101011011100
101011011101011011101011010110110
101011011101011011101011011101011010
1010110111010110111010110111010110
10101101110101101110101101110101100
101011011101011011101011011101010
10101101110101101110101101110111010
101011011101011011101011011101110
1010110111010110111010110111011100
10101101110101101110101101110110
101011011101011011101110101101011010
1010110111010110111011101011010110
10101101110101101110111010110101100
101011011101011011101110101101010
10101101110101101110111010110111010
101011011101011011101110101101110
1010110111010110111011101011011100
10101101110101101110111010110110
10101101110101101110111011101011010
101011011101011011101110111010110
1010110111010110111011101110101100
10101101110101101110111011101010
1010110111010110111011101110111010
10101101110101101110111011101110
101011011101011011101110111011100
1010110111010110111011101110110
101011011101110111010110101101011010
1010110111011101110101101011010110
10101101110111011101011010110101100
101011011101110111010110101101010
10101101110111011101011010110111010
101011011101110111010110101101110
1010110111011101110101101011011100
10101101110111011101011010110110
10101101110111011101011011101011010
101011011101110111010110111010110
1010110111011101110101101110101100
10101101110111011101011011101010
1010110111011101110101101110111010
10101101110111011101011011101110
101011011101110111010110111011100
1010110111011101110101101110110
10101101110111011101110101101011010
101011011101110111011101011010110
1010110111011101110111010110101100
10101101110111011101110101101010
1010110111011101110111010110111010
10101101110111011101110101101110
101011011101110111011101011011100
1010110111011101110111010110110
1010110111011101110111011101011010
10101101110111011101110111010110
101011011101110111011101110101100
1010110111011101110111011101010
101011011101110111011101110111010
1010110111011101110111011101110
10101101110111011101110111011100
101011011101110111011101110110
1011101011010110111010110101101011010
10111010110101101110101101011010110
101110101101011011101011010110101100
1011101011010110111010110101101010
101110101101011011101011010110111010
1011101011010110111010110101101110
10111010110101101110101101011011100
101110101101011011101011010110110
101110101101011011101011011101011010
1011101011010110111010110111010110
10111010110101101110101101110101100
101110101101011011101011011101010
10111010110101101110101101110111010
101110101101011011101011011101110
1011101011010110111010110111011100
10111010110101101110101101110110
101110101101011011101110101101011010
1011101011010110111011101011010110
10111010110101101110111010110101100
101110101101011011101110101101010
10111010110101101110111010110111010
101110101101011011101110101101110
1011101011010110111011101011011100
10111010110101101110111010110110
10111010110101101110111011101011010
101110101101011011101110111010110
1011101011010110111011101110101100
10111010110101101110111011101010
1011101011010110111011101110111010
10111010110101101110111011101110
101110101101011011101110111011100
1011101011010110111011101110110
101110101101110111010110101101011010
1011101011011101110101101011010110
10111010110111011101011010110101100
101110101101110111010110101101010
10111010110111011101011010110111010
101110101101110111010110101101110
1011101011011101110101101011011100
10111010110111011101011010110110
10111010110111011101011011101011010
101110101101110111010110111010110
1011101011011101110101101110101100
10111010110111011101011011101010
1011101011011101110101101110111010
10111010110111011101011011101110
101110101101110111010110111011100
1011101011011101110101101110110
10111010110111011101110101101011010
101110101101110111011101011010110
1011101011011101110111010110101100
10111010110111011101110101101010
1011101011011101110111010110111010
10111010110111011101110101101110
101110101101110111011101011011100
1011101011011101110111010110110
1011101011011101110111011101011010
10111010110111011101110111010110
101110101101110111011101110101100
1011101011011101110111011101010
101110101101110111011101110111010
1011101011011101110111011101110
10111010110111011101110111011100
101110101101110111011101110110
101110111010110111010110101101011010
1011101110101101110101101011010110
10111011101011011101011010110101100
101110111010110111010110101101010
10111011101011011101011010110111010
101110111010110111010110101101110
1011101110101101110101101011011100
10111011101011011101011010110110
10111011101011011101011011101011010
101110111010110111010110111010110
1011101110101101110101101110101100
10111011101011011101011011101010
1011101110101101110101101110111010
10111011101011011101011011101110
101110111010110111010110111011100
1011101110101101110101101110110
10111011101011011101110101101011010
101110111010110111011101011010110
1011101110101101110111010110101100
10111011101011011101110101101010
1011101110101101110111010110111010
10111011101011011101110101101110
101110111010110111011101011011100
1011101110101101110111010110110
1011101110101101110111011101011010
10111011101011011101110111010110
101110111010110111011101110101100
1011101110101101110111011101010
101110111010110111011101110111010
1011101110101101110111011101110
10111011101011011101110111011100
101110111010110111011101110110
10111011101110111010110101101011010
101110111011101110101101011010110
1011101110111011101011010110101100
10111011101110111010110101101010
1011101110111011101011010110111010
10111011101110111010110101101110
101110111011101110101101011011100
1011101110111011101011010110110
1011101110111011101011011101011010
10111011101110111010110111010110
101110111011101110101101110101100
1011101110111011101011011101010
101110111011101110101101110111010
1011101110111011101011011101110
10111011101110111010110111011100
101110111011101110101101110110
1011101110111011101110101101011010
10111011101110111011101011010110
101110111011101110111010110101100
1011101110111011101110101101010
101110111011101110111010110111010
1011101110111011101110101101110
10111011101110111011101011011100
101110111011101110111010110110
101110111011101110111011101011010
1011101110111011101110111010110
10111011101110111011101110101100
101110111011101110111011101010
10111011101110111011101110111010
101110111011101110111011101110
1011101110111011101110111011100
10111011101110111011101110110
11010110101101011011010110101101011010
110101101011010110110101101011010110
1101011010110101101101011010110101100
11010110101101011011010110101101010
1101011010110101101101011010110111010
11010110101101011011010110101101110
110101101011010110110101101011011100
1101011010110101101101011010110110
1101011010110101101101011011101011010
11010110101101011011010110111010110
110101101011010110110101101110101100
1101011010110101101101011011101010
110101101011010110110101101110111010
1101011010110101101101011011101110
11010110101101011011010110111011100
110101101011010110110101101110110
1101011010110101101101110101101011010
11010110101101011011011101011010110
110101101011010110110111010110101100
1101011010110101101101110101101010
110101101011010110110111010110111010
1101011010110101101101110101101110
11010110101101011011011101011011100
110101101011010110110111010110110
110101101011010110110111011101011010
1101011010110101101101110111010110
11010110101101011011011101110101100
110101101011010110110111011101010
11010110101101011011011101110111010
110101101011010110110111011101110
1101011010110101101101110111011100
11010110101101011011011101110110
1101011010110111011010110101101011010
11010110101101110110101101011010110
110101101011011101101011010110101100
1101011010110111011010110101101010
110101101011011101101011010110111010
1101011010110111011010110101101110
11010110101101110110101101011011100
110101101011011101101011010110110
110101101011011101101011011101011010
1101011010110111011010110111010110
11010110101101110110101101110101100
110101101011011101101011011101010
11010110101101110110101101110111010
110101101011011101101011011101110
1101011010110111011010110111011100
11010110101101110110101101110110
110101101011011101101110101101011010
1101011010110111011011101011010110
11010110101101110110111010110101100
110101101011011101101110101101010
11010110101101110110111010110111010
110101101011011101101110101101110
1101011010110111011011101011011100
11010110101101110110111010110110
11010110101101110110111011101011010
110101101011011101101110111010110
1101011010110111011011101110101100
11010110101101110110111011101010
1101011010110111011011101110111010
11010110101101110110111011101110
110101101011011101101110111011100
1101011010110111011011101110110
1101011011101011011010110101101011010
11010110111010110110101101011010110
110101101110101101101011010110101100
1101011011101011011010110101101010
110101101110101101101011010110111010
1101011011101011011010110101101110
11010110111010110110101101011011100
110101101110101101101011010110110
110101101110101101101011011101011010
1101011011101011011010110111010110
11010110111010110110101101110101100
110101101110101101101011011101010
11010110111010110110101101110111010
110101101110101101101011011101110
1101011011101011011010110111011100
11010110111010110110101101110110
110101101110101101101110101101011010
1101011011101011011011101011010110
11010110111010110110111010110101100
110101101110101101101110101101010
11010110111010110110111010110111010
110101101110101101101110101101110
1101011011101011011011101011011100
11010110111010110110111010110110
11010110111010110110111011101011010
110101101110101101101110111010110
1101011011101011011011101110101100
11010110111010110110111011101010
1101011011101011011011101110111010
11010110111010110110111011101110
110101101110101101101110111011100
1101011011101011011011101110110
110101101110111011010110101101011010
1101011011101110110101101011010110
11010110111011101101011010110101100
110101101110111011010110101101010
11010110111011101101011010110111010
110101101110111011010110101101110
1101011011101110110101101011011100
11010110111011101101011010110110
11010110111011101101011011101011010
110101101110111011010110111010110
1101011011101110110101101110101100
11010110111011101101011011101010
1101011011101110110101101110111010
11010110111011101101011011101110
110101101110111011010110111011100
1101011011101110110101101110110
11010110111011101101110101101011010
110101101110111011011101011010110
1101011011101110110111010110101100
11010110111011101101110101101010
1101011011101110110111010110111010
11010110111011101101110101101110
110101101110111011011101011011100
1101011011101110110111010110110
1101011011101110110111011101011010
11010110111011101101110111010110
110101101110111011011101110101100
1101011011101110110111011101010
110101101110111011011101110111010
1101011011101110110111011101110
11010110111011101101110111011100
110101101110111011011101110110
1101110101101011011010110101101011010
11011101011010110110101101011010110
110111010110101101101011010110101100
1101110101101011011010110101101010
110111010110101101101011010110111010
1101110101101011011010110101101110
11011101011010110110101101011011100
110111010110101101101011010110110
110111010110101101101011011101011010
1101110101101011011010110111010110
11011101011010110110101101110101100
110111010110101101101011011101010
11011101011010110110101101110111010
110111010110101101101011011101110
1101110101101011011010110111011100
11011101011010110110101101110110
110111010110101101101110101101011010
1101110101101011011011101011010110
11011101011010110110111010110101100
110111010110101101101110101101010
11011101011010110110111010110111010
110111010110101101101110101101110
1101110101101011011011101011011100
11011101011010110110111010110110
11011101011010110110111011101011010
110111010110101101101110111010110
1101110101101011011011101110101100
11011101011010110110111011101010
1101110101101011011011101110111010
11011101011010110110111011101110
110111010110101101101110111011100
1101110101101011011011101110110
110111010110111011010110101101011010
1101110101101110110101101011010110
11011101011011101101011010110101100
110111010110111011010110101101010
11011101011011101101011010110111010
110111010110111011010110101101110
1101110101101110110101101011011100
11011101011011101101011010110110
11011101011011101101011011101011010
110111010110111011010110111010110
1101110101101110110101101110101100
11011101011011101101011011101010
1101110101101110110101101110111010
11011101011011101101011011101110
110111010110111011010110111011100
1101110101101110110101101110110
11011101011011101101110101101011010
110111010110111011011101011010110
1101110101101110110111010110101100
11011101011011101101110101101010
1101110101101110110111010110111010
11011101011011101101110101101110
110111010110111011011101011011100
1101110101101110110111010110110
1101110101101110110111011101011010
11011101011011101101110111010110
110111010110111011011101110101100
1101110101101110110111011101010
110111010110111011011101110111010
1101110101101110110111011101110
11011101011011101101110111011100
110111010110111011011101110110
110111011101011011010110101101011010
1101110111010110110101101011010110
11011101110101101101011010110101100
110111011101011011010110101101010
11011101110101101101011010110111010
110111011101011011010110101101110
1101110111010110110101101011011100
11011101110101101101011010110110
11011101110101101101011011101011010
110111011101011011010110111010110
1101110111010110110101101110101100
11011101110101101101011011101010
1101110111010110110101101110111010
11011101110101101101011011101110
110111011101011011010110111011100
1101110111010110110101101110110
11011101110101101101110101101011010
110111011101011011011101011010110
1101110111010110110111010110101100
11011101110101101101110101101010
1101110111010110110111010110111010
11011101110101101101110101101110
110111011101011011011101011011100
1101110111010110110111010110110
1101110111010110110111011101011010
11011101110101101101110111010110
110111011101011011011101110101100
1101110111010110110111011101010
110111011101011011011101110111010
1101110111010110110111011101110
11011101110101101101110111011100
110111011101011011011101110110
11011101110111011010110101101011010
110111011101110110101101011010110
1101110111011101101011010110101100
11011101110111011010110101101010
1101110111011101101011010110111010
11011101110111011010110101101110
110111011101110110101101011011100
1101110111011101101011010110110
1101110111011101101011011101011010
11011101110111011010110111010110
110111011101110110101101110101100
1101110111011101101011011101010
110111011101110110101101110111010
1101110111011101101011011101110
11011101110111011010110111011100
110111011101110110101101110110
1101110111011101101110101101011010
11011101110111011011101011010110
110111011101110110111010110101100
1101110111011101101110101101010
110111011101110110111010110111010
1101110111011101101110101101110
11011101110111011011101011011100
110111011101110110111010110110
110111011101110110111011101011010
1101110111011101101110111010110
11011101110111011011101110101100
110111011101110110111011101010
11011101110111011011101110111010
110111011101110110111011101110
1101110111011101101110111011100
11011101110111011011101110110
1010110101101011011010110101101011010
10101101011010110110101101011010110
101011010110101101101011010110101100
1010110101101011011010110101101010
101011010110101101101011010110111010
1010110101101011011010110101101110
10101101011010110110101101011011100
101011010110101101101011010110110
101011010110101101101011011101011010
1010110101101011011010110111010110
10101101011010110110101101110101100
101011010110101101101011011101010
10101101011010110110101101110111010
101011010110101101101011011101110
1010110101101011011010110111011100
10101101011010110110101101110110
101011010110101101101110101101011010
1010110101101011011011101011010110
10101101011010110110111010110101100
101011010110101101101110101101010
10101101011010110110111010110111010
101011010110101101101110101101110
1010110101101011011011101011011100
10101101011010110110111010110110
10101101011010110110111011101011010
101011010110101101101110111010110
1010110101101011011011101110101100
10101101011010110110111011101010
1010110101101011011011101110111010
10101101011010110110111011101110
101011010110101101101110111011100
1010110101101011011011101110110
101011010110111011010110101101011010
1010110101101110110101101011010110
10101101011011101101011010110101100
101011010110111011010110101101010
10101101011011101101011010110111010
101011010110111011010110101101110
1010110101101110110101101011011100
10101101011011101101011010110110
10101101011011101101011011101011010
101011010110111011010110111010110
1010110101101110110101101110101100
10101101011011101101011011101010
1010110101101110110101101110111010
10101101011011101101011011101110
101011010110111011010110111011100
1010110101101110110101101110110
10101101011011101101110101101011010
101011010110111011011101011010110
1010110101101110110111010110101100
10101101011011101101110101101010
1010110101101110110111010110111010
10101101011011101101110101101110
101011010110111011011101011011100
1010110101101110110111010110110
1010110101101110110111011101011010
10101101011011101101110111010110
101011010110111011011101110101100
1010110101101110110111011101010
101011010110111011011101110111010
1010110101101110110111011101110
10101101011011101101110111011100
101011010110111011011101110110
101011011101011011010110101101011010
1010110111010110110101101011010110
10101101110101101101011010110101100
101011011101011011010110101101010
10101101110101101101011010110111010
101011011101011011010110101101110
1010110111010110110101101011011100
10101101110101101101011010110110
10101101110101101101011011101011010
101011011101011011010110111010110
1010110111010110110101101110101100
10101101110101101101011011101010
1010110111010110110101101110111010
10101101110101101101011011101110
101011011101011011010110111011100
1010110111010110110101101110110
10101101110101101101110101101011010
101011011101011011011101011010110
1010110111010110110111010110101100
10101101110101101101110101101010
1010110111010110110111010110111010
10101101110101101101110101101110
101011011101011011011101011011100
1010110111010110110111010110110
1010110111010110110111011101011010
10101101110101101101110111010110
101011011101011011011101110101100
1010110111010110110111011101010
101011011101011011011101110111010
1010110111010110110111011101110
10101101110101101101110111011100
101011011101011011011101110110
10101101110111011010110101101011010
101011011101110110101101011010110
1010110111011101101011010110101100
10101101110111011010110101101010
1010110111011101101011010110111010
10101101110111011010110101101110
101011011101110110101101011011100
1010110111011101101011010110110
1010110111011101101011011101011010
10101101110111011010110111010110
101011011101110110101101110101100
1010110111011101101011011101010
101011011101110110101101110111010
1010110111011101101011011101110
10101101110111011010110111011100
101011011101110110101101110110
1010110111011101101110101101011010
10101101110111011011101011010110
101011011101110110111010110101100
1010110111011101101110101101010
101011011101110110111010110111010
1010110111011101101110101101110
10101101110111011011101011011100
101011011101110110111010110110
101011011101110110111011101011010
1010110111011101101110111010110
10101101110111011011101110101100
101011011101110110111011101010
10101101110111011011101110111010
101011011101110110111011101110
1010110111011101101110111011100
10101101110111011011101110110
101110101101011011010110101101011010
1011101011010110110101101011010110
10111010110101101101011010110101100
101110101101011011010110101101010
10111010110101101101011010110111010
101110101101011011010110101101110
1011101011010110110101101011011100
10111010110101101101011010110110
10111010110101101101011011101011010
101110101101011011010110111010110
1011101011010110110101101110101100
10111010110101101101011011101010
1011101011010110110101101110111010
10111010110101101101011011101110
101110101101011011010110111011100
1011101011010110110101101110110
10111010110101101101110101101011010
101110101101011011011101011010110
1011101011010110110111010110101100
10111010110101101101110101101010
1011101011010110110111010110111010
10111010110101101101110101101110
101110101101011011011101011011100
1011101011010110110111010110110
1011101011010110110111011101011010
10111010110101101101110111010110
101110101101011011011101110101100
1011101011010110110111011101010
101110101101011011011101110111010
1011101011010110110111011101110
10111010110101101101110111011100
101110101101011011011101110110
10111010110111011010110101101011010
101110101101110110101101011010110
1011101011011101101011010110101100
10111010110111011010110101101010
1011101011011101101011010110111010
10111010110111011010110101101110
101110101101110110101101011011100
1011101011011101101011010110110
1011101011011101101011011101011010
10111010110111011010110111010110
101110101101110110101101110101100
1011101011011101101011011101010
101110101101110110101101110111010
1011101011011101101011011101110
10111010110111011010110111011100
101110101101110110101101110110
1011101011011101101110101101011010
10111010110111011011101011010110
101110101101110110111010110101100
1011101011011101101110101101010
101110101101110110111010110111010
1011101011011101101110101101110
10111010110111011011101011011100
101110101101110110111010110110
101110101101110110111011101011010
1011101011011101101110111010110
10111010110111011011101110101100
101110101101110110111011101010
10111010110111011011101110111010
101110101101110110111011101110
1011101011011101101110111011100
10111010110111011011101110110
10111011101011011010110101101011010
101110111010110110101101011010110
1011101110101101101011010110101100
10111011101011011010110101101010
1011101110101101101011010110111010
10111011101011011010110101101110
101110111010110110101101011011100
1011101110101101101011010110110
1011101110101101101011011101011010
10111011101011011010110111010110
101110111010110110101101110101100
1011101110101101101011011101010
101110111010110110101101110111010
1011101110101101101011011101110
10111011101011011010110111011100
101110111010110110101101110110
1011101110101101101110101101011010
10111011101011011011101011010110
101110111010110110111010110101100
1011101110101101101110101101010
101110111010110110111010110111010
1011101110101101101110101101110
10111011101011011011101011011100
101110111010110110111010110110
101110111010110110111011101011010
1011101110101101101110111010110
10111011101011011011101110101100
101110111010110110111011101010
10111011101011011011101110111010
101110111010110110111011101110
1011101110101101101110111011100
10111011101011011011101110110
1011101110111011010110101101011010
10111011101110110101101011010110
101110111011101101011010110101100
1011101110111011010110101101010
101110111011101101011010110111010
1011101110111011010110101101110
10111011101110110101101011011100
101110111011101101011010110110
101110111011101101011011101011010
1011101110111011010110111010110
10111011101110110101101110101100
101110111011101101011011101010
10111011101110110101101110111010
101110111011101101011011101110
1011101110111011010110111011100
10111011101110110101101110110
101110111011101101110101101011010
1011101110111011011101011010110
10111011101110110111010110101100
101110111011101101110101101010
10111011101110110111010110111010
101110111011101101110101101110
1011101110111011011101011011100
10111011101110110111010110110
10111011101110110111011101011010
101110111011101101110111010110
1011101110111011011101110101100
10111011101110110111011101010
1011101110111011011101110111010
10111011101110110111011101110
101110111011101101110111011100
1011101110111011011101110110
11010110101101101011010110
1101011010110110101101010
1101011010110110101101110
110101101011011010110110
1101011010110110111010110
110101101011011011101010
110101101011011011101110
11010110101101101110110
1101011011101101011010110
110101101110110101101010
110101101110110101101110
11010110111011010110110
110101101110110111010110
11010110111011011101010
11010110111011011101110
1101011011101101110110
1101110101101101011010110
110111010110110101101010
110111010110110101101110
11011101011011010110110
110111010110110111010110
11011101011011011101010
11011101011011011101110
1101110101101101110110
110111011101101011010110
11011101110110101101010
11011101110110101101110
1101110111011010110110
11011101110110111010110
1101110111011011101010
1101110111011011101110
110111011101101110110
1010110101101101011010110
101011010110110101101010
101011010110110101101110
10101101011011010110110
101011010110110111010110
10101101011011011101010
10101101011011011101110
1010110101101101110110
101011011101101011010110
10101101110110101101010
10101101110110101101110
1010110111011010110110
10101101110110111010110
1010110111011011101010
1010110111011011101110
101011011101101110110
101110101101101011010110
10111010110110101101010
10111010110110101101110
1011101011011010110110
10111010110110111010110
1011101011011011101010
1011101011011011101110
101110101101101110110
10111011101101011010110
1011101110110101101010
1011101110110101101110
101110111011010110110
1011101110110111010110
101110111011011101010
101110111011011101110
10111011101101110110