1101011010101101011011011010110101011010110110
110101101010110101101101101011010101101011010
11010110101011010110110110101101010110101101010
110101101010110101101101101011010101101110110
11010110101011010110110110101101010110111010
1101011010101101011011011010110101011011101010
110101101010110101101101101011011011010110110
11010110101011010110110110101101101101011010
1101011010101101011011011010110110110101101010
11010110101011010110110110101101101101110110
1101011010101101011011011010110110110111010
110101101010110101101101101011011011011101010
110101101010110101101101101011010111010110110
11010110101011010110110110101101011101011010
1101011010101101011011011010110101110101101010
11010110101011010110110110101101011101110110
1101011010101101011011011010110101110111010
110101101010110101101101101011010111011101010
110101101010110101101101101110101011010110110
11010110101011010110110110111010101101011010
1101011010101101011011011011101010110101101010
11010110101011010110110110111010101101110110
1101011010101101011011011011101010110111010
110101101010110101101101101110101011011101010
11010110101011010110110110111011011010110110
1101011010101101011011011011101101101011010
110101101010110101101101101110110110101101010
1101011010101101011011011011101101101110110
110101101010110101101101101110110110111010
11010110101011010110110110111011011011101010
11010110101011010110110110111010111010110110
1101011010101101011011011011101011101011010
110101101010110101101101101110101110101101010
1101011010101101011011011011101011101110110
110101101010110101101101101110101110111010
11010110101011010110110110111010111011101010
110101101010110111011011010110101011010110110
11010110101011011101101101011010101101011010
1101011010101101110110110101101010110101101010
11010110101011011101101101011010101101110110
1101011010101101110110110101101010110111010
110101101010110111011011010110101011011101010
11010110101011011101101101011011011010110110
1101011010101101110110110101101101101011010
110101101010110111011011010110110110101101010
1101011010101101110110110101101101101110110
110101101010110111011011010110110110111010
11010110101011011101101101011011011011101010
11010110101011011101101101011010111010110110
1101011010101101110110110101101011101011010
110101101010110111011011010110101110101101010
1101011010101101110110110101101011101110110
110101101010110111011011010110101110111010
11010110101011011101101101011010111011101010
11010110101011011101101101110101011010110110
1101011010101101110110110111010101101011010
110101101010110111011011011101010110101101010
1101011010101101110110110111010101101110110
110101101010110111011011011101010110111010
11010110101011011101101101110101011011101010
1101011010101101110110110111011011010110110
110101101010110111011011011101101101011010
11010110101011011101101101110110110101101010
110101101010110111011011011101101101110110
11010110101011011101101101110110110111010
1101011010101101110110110111011011011101010
1101011010101101110110110111010111010110110
110101101010110111011011011101011101011010
11010110101011011101101101110101110101101010
110101101010110111011011011101011101110110
11010110101011011101101101110101110111010
1101011010101101110110110111010111011101010
110101101101101011011011010110101011010110110
11010110110110101101101101011010101101011010
1101011011011010110110110101101010110101101010
11010110110110101101101101011010101101110110
1101011011011010110110110101101010110111010
110101101101101011011011010110101011011101010
11010110110110101101101101011011011010110110
1101011011011010110110110101101101101011010
110101101101101011011011010110110110101101010
1101011011011010110110110101101101101110110
110101101101101011011011010110110110111010
11010110110110101101101101011011011011101010
11010110110110101101101101011010111010110110
1101011011011010110110110101101011101011010
110101101101101011011011010110101110101101010
1101011011011010110110110101101011101110110
110101101101101011011011010110101110111010
11010110110110101101101101011010111011101010
11010110110110101101101101110101011010110110
1101011011011010110110110111010101101011010
110101101101101011011011011101010110101101010
1101011011011010110110110111010101101110110
110101101101101011011011011101010110111010
11010110110110101101101101110101011011101010
1101011011011010110110110111011011010110110
110101101101101011011011011101101101011010
11010110110110101101101101110110110101101010
110101101101101011011011011101101101110110
11010110110110101101101101110110110111010
1101011011011010110110110111011011011101010
1101011011011010110110110111010111010110110
110101101101101011011011011101011101011010
11010110110110101101101101110101110101101010
110101101101101011011011011101011101110110
11010110110110101101101101110101110111010
1101011011011010110110110111010111011101010
11010110110110111011011010110101011010110110
1101011011011011101101101011010101101011010
110101101101101110110110101101010110101101010
1101011011011011101101101011010101101110110
110101101101101110110110101101010110111010
11010110110110111011011010110101011011101010
1101011011011011101101101011011011010110110
110101101101101110110110101101101101011010
11010110110110111011011010110110110101101010
110101101101101110110110101101101101110110
11010110110110111011011010110110110111010
1101011011011011101101101011011011011101010
1101011011011011101101101011010111010110110
110101101101101110110110101101011101011010
11010110110110111011011010110101110101101010
110101101101101110110110101101011101110110
11010110110110111011011010110101110111010
1101011011011011101101101011010111011101010
1101011011011011101101101110101011010110110
110101101101101110110110111010101101011010
11010110110110111011011011101010110101101010
110101101101101110110110111010101101110110
11010110110110111011011011101010110111010
1101011011011011101101101110101011011101010
110101101101101110110110111011011010110110
11010110110110111011011011101101101011010
1101011011011011101101101110110110101101010
11010110110110111011011011101101101110110
1101011011011011101101101110110110111010
110101101101101110110110111011011011101010
110101101101101110110110111010111010110110
11010110110110111011011011101011101011010
1101011011011011101101101110101110101101010
11010110110110111011011011101011101110110
1101011011011011101101101110101110111010
110101101101101110110110111010111011101010
110101101011101011011011010110101011010110110
11010110101110101101101101011010101101011010
1101011010111010110110110101101010110101101010
11010110101110101101101101011010101101110110
1101011010111010110110110101101010110111010
110101101011101011011011010110101011011101010
11010110101110101101101101011011011010110110
1101011010111010110110110101101101101011010
110101101011101011011011010110110110101101010
1101011010111010110110110101101101101110110
110101101011101011011011010110110110111010
11010110101110101101101101011011011011101010
11010110101110101101101101011010111010110110
1101011010111010110110110101101011101011010
110101101011101011011011010110101110101101010
1101011010111010110110110101101011101110110
110101101011101011011011010110101110111010
11010110101110101101101101011010111011101010
11010110101110101101101101110101011010110110
1101011010111010110110110111010101101011010
110101101011101011011011011101010110101101010
1101011010111010110110110111010101101110110
110101101011101011011011011101010110111010
11010110101110101101101101110101011011101010
1101011010111010110110110111011011010110110
110101101011101011011011011101101101011010
11010110101110101101101101110110110101101010
110101101011101011011011011101101101110110
11010110101110101101101101110110110111010
1101011010111010110110110111011011011101010
1101011010111010110110110111010111010110110
110101101011101011011011011101011101011010
11010110101110101101101101110101110101101010
110101101011101011011011011101011101110110
11010110101110101101101101110101110111010
1101011010111010110110110111010111011101010
11010110101110111011011010110101011010110110
1101011010111011101101101011010101101011010
110101101011101110110110101101010110101101010
1101011010111011101101101011010101101110110
110101101011101110110110101101010110111010
11010110101110111011011010110101011011101010
1101011010111011101101101011011011010110110
110101101011101110110110101101101101011010
11010110101110111011011010110110110101101010
110101101011101110110110101101101101110110
11010110101110111011011010110110110111010
1101011010111011101101101011011011011101010
1101011010111011101101101011010111010110110
110101101011101110110110101101011101011010
11010110101110111011011010110101110101101010
110101101011101110110110101101011101110110
11010110101110111011011010110101110111010
1101011010111011101101101011010111011101010
1101011010111011101101101110101011010110110
110101101011101110110110111010101101011010
11010110101110111011011011101010110101101010
110101101011101110110110111010101101110110
11010110101110111011011011101010110111010
1101011010111011101101101110101011011101010
110101101011101110110110111011011010110110
11010110101110111011011011101101101011010
1101011010111011101101101110110110101101010
11010110101110111011011011101101101110110
1101011010111011101101101110110110111010
110101101011101110110110111011011011101010
110101101011101110110110111010111010110110
11010110101110111011011011101011101011010
1101011010111011101101101110101110101101010
11010110101110111011011011101011101110110
1101011010111011101101101110101110111010
110101101011101110110110111010111011101010
110111010101101011011011010110101011010110110
11011101010110101101101101011010101101011010
1101110101011010110110110101101010110101101010
11011101010110101101101101011010101101110110
1101110101011010110110110101101010110111010
110111010101101011011011010110101011011101010
11011101010110101101101101011011011010110110
1101110101011010110110110101101101101011010
110111010101101011011011010110110110101101010
1101110101011010110110110101101101101110110
110111010101101011011011010110110110111010
11011101010110101101101101011011011011101010
11011101010110101101101101011010111010110110
1101110101011010110110110101101011101011010
110111010101101011011011010110101110101101010
1101110101011010110110110101101011101110110
110111010101101011011011010110101110111010
11011101010110101101101101011010111011101010
11011101010110101101101101110101011010110110
1101110101011010110110110111010101101011010
110111010101101011011011011101010110101101010
1101110101011010110110110111010101101110110
110111010101101011011011011101010110111010
11011101010110101101101101110101011011101010
1101110101011010110110110111011011010110110
110111010101101011011011011101101101011010
11011101010110101101101101110110110101101010
110111010101101011011011011101101101110110
11011101010110101101101101110110110111010
1101110101011010110110110111011011011101010
1101110101011010110110110111010111010110110
110111010101101011011011011101011101011010
11011101010110101101101101110101110101101010
110111010101101011011011011101011101110110
11011101010110101101101101110101110111010
1101110101011010110110110111010111011101010
11011101010110111011011010110101011010110110
1101110101011011101101101011010101101011010
110111010101101110110110101101010110101101010
1101110101011011101101101011010101101110110
110111010101101110110110101101010110111010
11011101010110111011011010110101011011101010
1101110101011011101101101011011011010110110
110111010101101110110110101101101101011010
11011101010110111011011010110110110101101010
110111010101101110110110101101101101110110
11011101010110111011011010110110110111010
1101110101011011101101101011011011011101010
1101110101011011101101101011010111010110110
110111010101101110110110101101011101011010
11011101010110111011011010110101110101101010
110111010101101110110110101101011101110110
11011101010110111011011010110101110111010
1101110101011011101101101011010111011101010
1101110101011011101101101110101011010110110
110111010101101110110110111010101101011010
11011101010110111011011011101010110101101010
110111010101101110110110111010101101110110
11011101010110111011011011101010110111010
1101110101011011101101101110101011011101010
110111010101101110110110111011011010110110
11011101010110111011011011101101101011010
1101110101011011101101101110110110101101010
11011101010110111011011011101101101110110
1101110101011011101101101110110110111010
110111010101101110110110111011011011101010
110111010101101110110110111010111010110110
11011101010110111011011011101011101011010
1101110101011011101101101110101110101101010
11011101010110111011011011101011101110110
1101110101011011101101101110101110111010
110111010101101110110110111010111011101010
11011101101101011011011010110101011010110110
1101110110110101101101101011010101101011010
110111011011010110110110101101010110101101010
1101110110110101101101101011010101101110110
110111011011010110110110101101010110111010
11011101101101011011011010110101011011101010
1101110110110101101101101011011011010110110
110111011011010110110110101101101101011010
11011101101101011011011010110110110101101010
110111011011010110110110101101101101110110
11011101101101011011011010110110110111010
1101110110110101101101101011011011011101010
1101110110110101101101101011010111010110110
110111011011010110110110101101011101011010
11011101101101011011011010110101110101101010
110111011011010110110110101101011101110110
11011101101101011011011010110101110111010
1101110110110101101101101011010111011101010
1101110110110101101101101110101011010110110
110111011011010110110110111010101101011010
11011101101101011011011011101010110101101010
110111011011010110110110111010101101110110
11011101101101011011011011101010110111010
1101110110110101101101101110101011011101010
110111011011010110110110111011011010110110
11011101101101011011011011101101101011010
1101110110110101101101101110110110101101010
11011101101101011011011011101101101110110
1101110110110101101101101110110110111010
110111011011010110110110111011011011101010
110111011011010110110110111010111010110110
11011101101101011011011011101011101011010
1101110110110101101101101110101110101101010
11011101101101011011011011101011101110110
1101110110110101101101101110101110111010
110111011011010110110110111010111011101010
1101110110110111011011010110101011010110110
110111011011011101101101011010101101011010
11011101101101110110110101101010110101101010
110111011011011101101101011010101101110110
11011101101101110110110101101010110111010
1101110110110111011011010110101011011101010
110111011011011101101101011011011010110110
11011101101101110110110101101101101011010
1101110110110111011011010110110110101101010
11011101101101110110110101101101101110110
1101110110110111011011010110110110111010
110111011011011101101101011011011011101010
110111011011011101101101011010111010110110
11011101101101110110110101101011101011010
1101110110110111011011010110101110101101010
11011101101101110110110101101011101110110
1101110110110111011011010110101110111010
110111011011011101101101011010111011101010
110111011011011101101101110101011010110110
11011101101101110110110111010101101011010
1101110110110111011011011101010110101101010
11011101101101110110110111010101101110110
1101110110110111011011011101010110111010
110111011011011101101101110101011011101010
11011101101101110110110111011011010110110
1101110110110111011011011101101101011010
110111011011011101101101110110110101101010
1101110110110111011011011101101101110110
110111011011011101101101110110110111010
11011101101101110110110111011011011101010
11011101101101110110110111010111010110110
1101110110110111011011011101011101011010
110111011011011101101101110101110101101010
1101110110110111011011011101011101110110
110111011011011101101101110101110111010
11011101101101110110110111010111011101010
11011101011101011011011010110101011010110110
1101110101110101101101101011010101101011010
110111010111010110110110101101010110101101010
1101110101110101101101101011010101101110110
110111010111010110110110101101010110111010
11011101011101011011011010110101011011101010
1101110101110101101101101011011011010110110
110111010111010110110110101101101101011010
11011101011101011011011010110110110101101010
110111010111010110110110101101101101110110
11011101011101011011011010110110110111010
1101110101110101101101101011011011011101010
1101110101110101101101101011010111010110110
110111010111010110110110101101011101011010
11011101011101011011011010110101110101101010
110111010111010110110110101101011101110110
11011101011101011011011010110101110111010
1101110101110101101101101011010111011101010
1101110101110101101101101110101011010110110
110111010111010110110110111010101101011010
11011101011101011011011011101010110101101010
110111010111010110110110111010101101110110
11011101011101011011011011101010110111010
1101110101110101101101101110101011011101010
110111010111010110110110111011011010110110
11011101011101011011011011101101101011010
1101110101110101101101101110110110101101010
11011101011101011011011011101101101110110
1101110101110101101101101110110110111010
110111010111010110110110111011011011101010
110111010111010110110110111010111010110110
11011101011101011011011011101011101011010
1101110101110101101101101110101110101101010
11011101011101011011011011101011101110110
1101110101110101101101101110101110111010
110111010111010110110110111010111011101010
1101110101110111011011010110101011010110110
110111010111011101101101011010101101011010
11011101011101110110110101101010110101101010
110111010111011101101101011010101101110110
11011101011101110110110101101010110111010
1101110101110111011011010110101011011101010
110111010111011101101101011011011010110110
11011101011101110110110101101101101011010
1101110101110111011011010110110110101101010
11011101011101110110110101101101101110110
1101110101110111011011010110110110111010
110111010111011101101101011011011011101010
110111010111011101101101011010111010110110
11011101011101110110110101101011101011010
1101110101110111011011010110101110101101010
11011101011101110110110101101011101110110
1101110101110111011011010110101110111010
110111010111011101101101011010111011101010
110111010111011101101101110101011010110110
11011101011101110110110111010101101011010
1101110101110111011011011101010110101101010
11011101011101110110110111010101101110110
1101110101110111011011011101010110111010
110111010111011101101101110101011011101010
11011101011101110110110111011011010110110
1101110101110111011011011101101101011010
110111010111011101101101110110110101101010
1101110101110111011011011101101101110110
110111010111011101101101110110110111010
11011101011101110110110111011011011101010
11011101011101110110110111010111010110110
1101110101110111011011011101011101011010
110111010111011101101101110101110101101010
1101110101110111011011011101011101110110
110111010111011101101101110101110111010
11011101011101110110110111010111011101010
101011010101101011011011010110101011010110110
10101101010110101101101101011010101101011010
1010110101011010110110110101101010110101101010
10101101010110101101101101011010101101110110
1010110101011010110110110101101010110111010
101011010101101011011011010110101011011101010
10101101010110101101101101011011011010110110
1010110101011010110110110101101101101011010
101011010101101011011011010110110110101101010
1010110101011010110110110101101101101110110
101011010101101011011011010110110110111010
10101101010110101101101101011011011011101010
10101101010110101101101101011010111010110110
1010110101011010110110110101101011101011010
101011010101101011011011010110101110101101010
1010110101011010110110110101101011101110110
101011010101101011011011010110101110111010
10101101010110101101101101011010111011101010
10101101010110101101101101110101011010110110
1010110101011010110110110111010101101011010
101011010101101011011011011101010110101101010
1010110101011010110110110111010101101110110
101011010101101011011011011101010110111010
10101101010110101101101101110101011011101010
1010110101011010110110110111011011010110110
101011010101101011011011011101101101011010
10101101010110101101101101110110110101101010
101011010101101011011011011101101101110110
10101101010110101101101101110110110111010
1010110101011010110110110111011011011101010
1010110101011010110110110111010111010110110
101011010101101011011011011101011101011010
10101101010110101101101101110101110101101010
101011010101101011011011011101011101110110
10101101010110101101101101110101110111010
1010110101011010110110110111010111011101010
10101101010110111011011010110101011010110110
1010110101011011101101101011010101101011010
101011010101101110110110101101010110101101010
1010110101011011101101101011010101101110110
101011010101101110110110101101010110111010
10101101010110111011011010110101011011101010
1010110101011011101101101011011011010110110
101011010101101110110110101101101101011010
10101101010110111011011010110110110101101010
101011010101101110110110101101101101110110
10101101010110111011011010110110110111010
1010110101011011101101101011011011011101010
1010110101011011101101101011010111010110110
101011010101101110110110101101011101011010
10101101010110111011011010110101110101101010
101011010101101110110110101101011101110110
10101101010110111011011010110101110111010
1010110101011011101101101011010111011101010
1010110101011011101101101110101011010110110
101011010101101110110110111010101101011010
10101101010110111011011011101010110101101010
101011010101101110110110111010101101110110
10101101010110111011011011101010110111010
1010110101011011101101101110101011011101010
101011010101101110110110111011011010110110
10101101010110111011011011101101101011010
1010110101011011101101101110110110101101010
10101101010110111011011011101101101110110
1010110101011011101101101110110110111010
101011010101101110110110111011011011101010
101011010101101110110110111010111010110110
10101101010110111011011011101011101011010
1010110101011011101101101110101110101101010
10101101010110111011011011101011101110110
1010110101011011101101101110101110111010
101011010101101110110110111010111011101010
10101101101101011011011010110101011010110110
1010110110110101101101101011010101101011010
101011011011010110110110101101010110101101010
1010110110110101101101101011010101101110110
101011011011010110110110101101010110111010
10101101101101011011011010110101011011101010
1010110110110101101101101011011011010110110
101011011011010110110110101101101101011010
10101101101101011011011010110110110101101010
101011011011010110110110101101101101110110
10101101101101011011011010110110110111010
1010110110110101101101101011011011011101010
1010110110110101101101101011010111010110110
101011011011010110110110101101011101011010
10101101101101011011011010110101110101101010
101011011011010110110110101101011101110110
10101101101101011011011010110101110111010
1010110110110101101101101011010111011101010
1010110110110101101101101110101011010110110
101011011011010110110110111010101101011010
10101101101101011011011011101010110101101010
101011011011010110110110111010101101110110
10101101101101011011011011101010110111010
1010110110110101101101101110101011011101010
101011011011010110110110111011011010110110
10101101101101011011011011101101101011010
1010110110110101101101101110110110101101010
10101101101101011011011011101101101110110
1010110110110101101101101110110110111010
101011011011010110110110111011011011101010
101011011011010110110110111010111010110110
10101101101101011011011011101011101011010
1010110110110101101101101110101110101101010
10101101101101011011011011101011101110110
1010110110110101101101101110101110111010
101011011011010110110110111010111011101010
1010110110110111011011010110101011010110110
101011011011011101101101011010101101011010
10101101101101110110110101101010110101101010
101011011011011101101101011010101101110110
10101101101101110110110101101010110111010
1010110110110111011011010110101011011101010
101011011011011101101101011011011010110110
10101101101101110110110101101101101011010
1010110110110111011011010110110110101101010
10101101101101110110110101101101101110110
1010110110110111011011010110110110111010
101011011011011101101101011011011011101010
101011011011011101101101011010111010110110
10101101101101110110110101101011101011010
1010110110110111011011010110101110101101010
10101101101101110110110101101011101110110
1010110110110111011011010110101110111010
101011011011011101101101011010111011101010
101011011011011101101101110101011010110110
10101101101101110110110111010101101011010
1010110110110111011011011101010110101101010
10101101101101110110110111010101101110110
1010110110110111011011011101010110111010
101011011011011101101101110101011011101010
10101101101101110110110111011011010110110
1010110110110111011011011101101101011010
101011011011011101101101110110110101101010
1010110110110111011011011101101101110110
101011011011011101101101110110110111010
10101101101101110110110111011011011101010
10101101101101110110110111010111010110110
1010110110110111011011011101011101011010
101011011011011101101101110101110101101010
1010110110110111011011011101011101110110
101011011011011101101101110101110111010
10101101101101110110110111010111011101010
10101101011101011011011010110101011010110110
1010110101110101101101101011010101101011010
101011010111010110110110101101010110101101010
1010110101110101101101101011010101101110110
101011010111010110110110101101010110111010
10101101011101011011011010110101011011101010
1010110101110101101101101011011011010110110
101011010111010110110110101101101101011010
10101101011101011011011010110110110101101010
101011010111010110110110101101101101110110
10101101011101011011011010110110110111010
1010110101110101101101101011011011011101010
1010110101110101101101101011010111010110110
101011010111010110110110101101011101011010
10101101011101011011011010110101110101101010
101011010111010110110110101101011101110110
10101101011101011011011010110101110111010
1010110101110101101101101011010111011101010
1010110101110101101101101110101011010110110
101011010111010110110110111010101101011010
10101101011101011011011011101010110101101010
101011010111010110110110111010101101110110
10101101011101011011011011101010110111010
1010110101110101101101101110101011011101010
101011010111010110110110111011011010110110
10101101011101011011011011101101101011010
1010110101110101101101101110110110101101010
10101101011101011011011011101101101110110
1010110101110101101101101110110110111010
101011010111010110110110111011011011101010
101011010111010110110110111010111010110110
10101101011101011011011011101011101011010
1010110101110101101101101110101110101101010
10101101011101011011011011101011101110110
1010110101110101101101101110101110111010
101011010111010110110110111010111011101010
1010110101110111011011010110101011010110110
101011010111011101101101011010101101011010
10101101011101110110110101101010110101101010
101011010111011101101101011010101101110110
10101101011101110110110101101010110111010
1010110101110111011011010110101011011101010
101011010111011101101101011011011010110110
10101101011101110110110101101101101011010
1010110101110111011011010110110110101101010
10101101011101110110110101101101101110110
1010110101110111011011010110110110111010
101011010111011101101101011011011011101010
101011010111011101101101011010111010110110
10101101011101110110110101101011101011010
1010110101110111011011010110101110101101010
10101101011101110110110101101011101110110
1010110101110111011011010110101110111010
101011010111011101101101011010111011101010
101011010111011101101101110101011010110110
10101101011101110110110111010101101011010
1010110101110111011011011101010110101101010
10101101011101110110110111010101101110110
1010110101110111011011011101010110111010
101011010111011101101101110101011011101010
10101101011101110110110111011011010110110
1010110101110111011011011101101101011010
101011010111011101101101110110110101101010
1010110101110111011011011101101101110110
101011010111011101101101110110110111010
10101101011101110110110111011011011101010
10101101011101110110110111010111010110110
1010110101110111011011011101011101011010
101011010111011101101101110101110101101010
1010110101110111011011011101011101110110
101011010111011101101101110101110111010
10101101011101110110110111010111011101010
10111010101101011011011010110101011010110110
1011101010110101101101101011010101101011010
101110101011010110110110101101010110101101010
1011101010110101101101101011010101101110110
101110101011010110110110101101010110111010
10111010101101011011011010110101011011101010
1011101010110101101101101011011011010110110
101110101011010110110110101101101101011010
10111010101101011011011010110110110101101010
101110101011010110110110101101101101110110
10111010101101011011011010110110110111010
1011101010110101101101101011011011011101010
1011101010110101101101101011010111010110110
101110101011010110110110101101011101011010
10111010101101011011011010110101110101101010
101110101011010110110110101101011101110110
10111010101101011011011010110101110111010
1011101010110101101101101011010111011101010
1011101010110101101101101110101011010110110
101110101011010110110110111010101101011010
10111010101101011011011011101010110101101010
101110101011010110110110111010101101110110
10111010101101011011011011101010110111010
1011101010110101101101101110101011011101010
101110101011010110110110111011011010110110
10111010101101011011011011101101101011010
1011101010110101101101101110110110101101010
10111010101101011011011011101101101110110
1011101010110101101101101110110110111010
101110101011010110110110111011011011101010
101110101011010110110110111010111010110110
10111010101101011011011011101011101011010
1011101010110101101101101110101110101101010
10111010101101011011011011101011101110110
1011101010110101101101101110101110111010
101110101011010110110110111010111011101010
1011101010110111011011010110101011010110110
101110101011011101101101011010101101011010
10111010101101110110110101101010110101101010
101110101011011101101101011010101101110110
10111010101101110110110101101010110111010
1011101010110111011011010110101011011101010
101110101011011101101101011011011010110110
10111010101101110110110101101101101011010
1011101010110111011011010110110110101101010
10111010101101110110110101101101101110110
1011101010110111011011010110110110111010
101110101011011101101101011011011011101010
101110101011011101101101011010111010110110
10111010101101110110110101101011101011010
1011101010110111011011010110101110101101010
10111010101101110110110101101011101110110
1011101010110111011011010110101110111010
101110101011011101101101011010111011101010
101110101011011101101101110101011010110110
10111010101101110110110111010101101011010
1011101010110111011011011101010110101101010
10111010101101110110110111010101101110110
1011101010110111011011011101010110111010
101110101011011101101101110101011011101010
10111010101101110110110111011011010110110
1011101010110111011011011101101101011010
101110101011011101101101110110110101101010
1011101010110111011011011101101101110110
101110101011011101101101110110110111010
10111010101101110110110111011011011101010
10111010101101110110110111010111010110110
1011101010110111011011011101011101011010
101110101011011101101101110101110101101010
1011101010110111011011011101011101110110
101110101011011101101101110101110111010
10111010101101110110110111010111011101010
1011101101101011011011010110101011010110110
101110110110101101101101011010101101011010
10111011011010110110110101101010110101101010
101110110110101101101101011010101101110110
10111011011010110110110101101010110111010
1011101101101011011011010110101011011101010
101110110110101101101101011011011010110110
10111011011010110110110101101101101011010
1011101101101011011011010110110110101101010
10111011011010110110110101101101101110110
1011101101101011011011010110110110111010
101110110110101101101101011011011011101010
101110110110101101101101011010111010110110
10111011011010110110110101101011101011010
1011101101101011011011010110101110101101010
10111011011010110110110101101011101110110
1011101101101011011011010110101110111010
101110110110101101101101011010111011101010
101110110110101101101101110101011010110110
10111011011010110110110111010101101011010
1011101101101011011011011101010110101101010
10111011011010110110110111010101101110110
1011101101101011011011011101010110111010
101110110110101101101101110101011011101010
10111011011010110110110111011011010110110
1011101101101011011011011101101101011010
101110110110101101101101110110110101101010
1011101101101011011011011101101101110110
101110110110101101101101110110110111010
10111011011010110110110111011011011101010
10111011011010110110110111010111010110110
1011101101101011011011011101011101011010
101110110110101101101101110101110101101010
1011101101101011011011011101011101110110
101110110110101101101101110101110111010
10111011011010110110110111010111011101010
101110110110111011011010110101011010110110
10111011011011101101101011010101101011010
1011101101101110110110101101010110101101010
10111011011011101101101011010101101110110
1011101101101110110110101101010110111010
101110110110111011011010110101011011101010
10111011011011101101101011011011010110110
1011101101101110110110101101101101011010
101110110110111011011010110110110101101010
1011101101101110110110101101101101110110
101110110110111011011010110110110111010
10111011011011101101101011011011011101010
10111011011011101101101011010111010110110
1011101101101110110110101101011101011010
101110110110111011011010110101110101101010
1011101101101110110110101101011101110110
101110110110111011011010110101110111010
10111011011011101101101011010111011101010
10111011011011101101101110101011010110110
1011101101101110110110111010101101011010
101110110110111011011011101010110101101010
1011101101101110110110111010101101110110
101110110110111011011011101010110111010
10111011011011101101101110101011011101010
1011101101101110110110111011011010110110
101110110110111011011011101101101011010
10111011011011101101101110110110101101010
101110110110111011011011101101101110110
10111011011011101101101110110110111010
1011101101101110110110111011011011101010
1011101101101110110110111010111010110110
101110110110111011011011101011101011010
10111011011011101101101110101110101101010
101110110110111011011011101011101110110
10111011011011101101101110101110111010
1011101101101110110110111010111011101010
1011101011101011011011010110101011010110110
101110101110101101101101011010101101011010
10111010111010110110110101101010110101101010
101110101110101101101101011010101101110110
10111010111010110110110101101010110111010
1011101011101011011011010110101011011101010
101110101110101101101101011011011010110110
10111010111010110110110101101101101011010
1011101011101011011011010110110110101101010
10111010111010110110110101101101101110110
1011101011101011011011010110110110111010
101110101110101101101101011011011011101010
101110101110101101101101011010111010110110
10111010111010110110110101101011101011010
1011101011101011011011010110101110101101010
10111010111010110110110101101011101110110
1011101011101011011011010110101110111010
101110101110101101101101011010111011101010
101110101110101101101101110101011010110110
10111010111010110110110111010101101011010
1011101011101011011011011101010110101101010
10111010111010110110110111010101101110110
1011101011101011011011011101010110111010
101110101110101101101101110101011011101010
10111010111010110110110111011011010110110
1011101011101011011011011101101101011010
101110101110101101101101110110110101101010
1011101011101011011011011101101101110110
101110101110101101101101110110110111010
10111010111010110110110111011011011101010
10111010111010110110110111010111010110110
1011101011101011011011011101011101011010
101110101110101101101101110101110101101010
1011101011101011011011011101011101110110
101110101110101101101101110101110111010
10111010111010110110110111010111011101010
101110101110111011011010110101011010110110
10111010111011101101101011010101101011010
1011101011101110110110101101010110101101010
10111010111011101101101011010101101110110
1011101011101110110110101101010110111010
101110101110111011011010110101011011101010
10111010111011101101101011011011010110110
1011101011101110110110101101101101011010
101110101110111011011010110110110101101010
1011101011101110110110101101101101110110
101110101110111011011010110110110111010
10111010111011101101101011011011011101010
10111010111011101101101011010111010110110
1011101011101110110110101101011101011010
101110101110111011011010110101110101101010
1011101011101110110110101101011101110110
101110101110111011011010110101110111010
10111010111011101101101011010111011101010
10111010111011101101101110101011010110110
1011101011101110110110111010101101011010
101110101110111011011011101010110101101010
1011101011101110110110111010101101110110
101110101110111011011011101010110111010
10111010111011101101101110101011011101010
1011101011101110110110111011011010110110
101110101110111011011011101101101011010
10111010111011101101101110110110101101010
101110101110111011011011101101101110110
10111010111011101101101110110110111010
1011101011101110110110111011011011101010
1011101011101110110110111010111010110110
101110101110111011011011101011101011010
10111010111011101101101110101110101101010
101110101110111011011011101011101110110
10111010111011101101101110101110111010
1011101011101110110110111010111011101010