10101101010110101101010110101011010110
1010110101011010110101011010101101010
101011010101101011010101101010110101100
1010110101011010110101011011011010110
101011010101101011010101101101101010
10101101010110101101010110110110101100
1010110101011010110101011010111010110
101011010101101011010101101011101010
10101101010110101101010110101110101100
101011010101101011010101101111010110
10101101010110101101010110111101010
1010110101011010110101011011110101100
1010110101011010110110110101011010110
101011010101101011011011010101101010
10101101010110101101101101010110101100
101011010101101011011011011011010110
10101101010110101101101101101101010
1010110101011010110110110110110101100
101011010101101011011011010111010110
10101101010110101101101101011101010
1010110101011010110110110101110101100
10101101010110101101101101111010110
1010110101011010110110110111101010
101011010101101011011011011110101100
1010110101011010110101110101011010110
101011010101101011010111010101101010
10101101010110101101011101010110101100
101011010101101011010111011011010110
10101101010110101101011101101101010
1010110101011010110101110110110101100
101011010101101011010111010111010110
10101101010110101101011101011101010
1010110101011010110101110101110101100
10101101010110101101011101111010110
1010110101011010110101110111101010
101011010101101011010111011110101100
101011010101101011011110101011010110
10101101010110101101111010101101010
1010110101011010110111101010110101100
10101101010110101101111011011010110
1010110101011010110111101101101010
101011010101101011011110110110101100
10101101010110101101111010111010110
1010110101011010110111101011101010
101011010101101011011110101110101100
1010110101011010110111101111010110
101011010101101011011110111101010
10101101010110101101111011110101100
1010110110110101101010110101011010110
101011011011010110101011010101101010
10101101101101011010101101010110101100
101011011011010110101011011011010110
10101101101101011010101101101101010
1010110110110101101010110110110101100
101011011011010110101011010111010110
10101101101101011010101101011101010
1010110110110101101010110101110101100
10101101101101011010101101111010110
1010110110110101101010110111101010
101011011011010110101011011110101100
101011011011010110110110101011010110
10101101101101011011011010101101010
1010110110110101101101101010110101100
10101101101101011011011011011010110
1010110110110101101101101101101010
101011011011010110110110110110101100
10101101101101011011011010111010110
1010110110110101101101101011101010
101011011011010110110110101110101100
1010110110110101101101101111010110
101011011011010110110110111101010
10101101101101011011011011110101100
101011011011010110101110101011010110
10101101101101011010111010101101010
1010110110110101101011101010110101100
10101101101101011010111011011010110
1010110110110101101011101101101010
101011011011010110101110110110101100
10101101101101011010111010111010110
1010110110110101101011101011101010
101011011011010110101110101110101100
1010110110110101101011101111010110
101011011011010110101110111101010
10101101101101011010111011110101100
10101101101101011011110101011010110
1010110110110101101111010101101010
101011011011010110111101010110101100
1010110110110101101111011011010110
101011011011010110111101101101010
10101101101101011011110110110101100
1010110110110101101111010111010110
101011011011010110111101011101010
10101101101101011011110101110101100
101011011011010110111101111010110
10101101101101011011110111101010
1010110110110101101111011110101100
1010110101110101101010110101011010110
101011010111010110101011010101101010
10101101011101011010101101010110101100
101011010111010110101011011011010110
10101101011101011010101101101101010
1010110101110101101010110110110101100
101011010111010110101011010111010110
10101101011101011010101101011101010
1010110101110101101010110101110101100
10101101011101011010101101111010110
1010110101110101101010110111101010
101011010111010110101011011110101100
101011010111010110110110101011010110
10101101011101011011011010101101010
1010110101110101101101101010110101100
10101101011101011011011011011010110
1010110101110101101101101101101010
101011010111010110110110110110101100
10101101011101011011011010111010110
1010110101110101101101101011101010
101011010111010110110110101110101100
1010110101110101101101101111010110
101011010111010110110110111101010
10101101011101011011011011110101100
101011010111010110101110101011010110
10101101011101011010111010101101010
1010110101110101101011101010110101100
10101101011101011010111011011010110
1010110101110101101011101101101010
101011010111010110101110110110101100
10101101011101011010111010111010110
1010110101110101101011101011101010
101011010111010110101110101110101100
1010110101110101101011101111010110
101011010111010110101110111101010
10101101011101011010111011110101100
10101101011101011011110101011010110
1010110101110101101111010101101010
101011010111010110111101010110101100
1010110101110101101111011011010110
101011010111010110111101101101010
10101101011101011011110110110101100
1010110101110101101111010111010110
101011010111010110111101011101010
10101101011101011011110101110101100
101011010111010110111101111010110
10101101011101011011110111101010
1010110101110101101111011110101100
101011011110101101010110101011010110
10101101111010110101011010101101010
1010110111101011010101101010110101100
10101101111010110101011011011010110
1010110111101011010101101101101010
101011011110101101010110110110101100
10101101111010110101011010111010110
1010110111101011010101101011101010
101011011110101101010110101110101100
1010110111101011010101101111010110
101011011110101101010110111101010
10101101111010110101011011110101100
10101101111010110110110101011010110
1010110111101011011011010101101010
101011011110101101101101010110101100
1010110111101011011011011011010110
101011011110101101101101101101010
10101101111010110110110110110101100
1010110111101011011011010111010110
101011011110101101101101011101010
10101101111010110110110101110101100
101011011110101101101101111010110
10101101111010110110110111101010
1010110111101011011011011110101100
10101101111010110101110101011010110
1010110111101011010111010101101010
101011011110101101011101010110101100
1010110111101011010111011011010110
101011011110101101011101101101010
10101101111010110101110110110101100
1010110111101011010111010111010110
101011011110101101011101011101010
10101101111010110101110101110101100
101011011110101101011101111010110
10101101111010110101110111101010
1010110111101011010111011110101100
1010110111101011011110101011010110
101011011110101101111010101101010
10101101111010110111101010110101100
101011011110101101111011011010110
10101101111010110111101101101010
1010110111101011011110110110101100
101011011110101101111010111010110
10101101111010110111101011101010
1010110111101011011110101110101100
10101101111010110111101111010110
1010110111101011011110111101010
101011011110101101111011110101100
1101101010110101101010110101011010110
110110101011010110101011010101101010
11011010101101011010101101010110101100
110110101011010110101011011011010110
11011010101101011010101101101101010
1101101010110101101010110110110101100
110110101011010110101011010111010110
11011010101101011010101101011101010
1101101010110101101010110101110101100
11011010101101011010101101111010110
1101101010110101101010110111101010
110110101011010110101011011110101100
110110101011010110110110101011010110
11011010101101011011011010101101010
1101101010110101101101101010110101100
11011010101101011011011011011010110
1101101010110101101101101101101010
110110101011010110110110110110101100
11011010101101011011011010111010110
1101101010110101101101101011101010
110110101011010110110110101110101100
1101101010110101101101101111010110
110110101011010110110110111101010
11011010101101011011011011110101100
110110101011010110101110101011010110
11011010101101011010111010101101010
1101101010110101101011101010110101100
11011010101101011010111011011010110
1101101010110101101011101101101010
110110101011010110101110110110101100
11011010101101011010111010111010110
1101101010110101101011101011101010
110110101011010110101110101110101100
1101101010110101101011101111010110
110110101011010110101110111101010
11011010101101011010111011110101100
11011010101101011011110101011010110
1101101010110101101111010101101010
110110101011010110111101010110101100
1101101010110101101111011011010110
110110101011010110111101101101010
11011010101101011011110110110101100
1101101010110101101111010111010110
110110101011010110111101011101010
11011010101101011011110101110101100
110110101011010110111101111010110
11011010101101011011110111101010
1101101010110101101111011110101100
110110110110101101010110101011010110
11011011011010110101011010101101010
1101101101101011010101101010110101100
11011011011010110101011011011010110
1101101101101011010101101101101010
110110110110101101010110110110101100
11011011011010110101011010111010110
1101101101101011010101101011101010
110110110110101101010110101110101100
1101101101101011010101101111010110
110110110110101101010110111101010
11011011011010110101011011110101100
11011011011010110110110101011010110
1101101101101011011011010101101010
110110110110101101101101010110101100
1101101101101011011011011011010110
110110110110101101101101101101010
11011011011010110110110110110101100
1101101101101011011011010111010110
110110110110101101101101011101010
11011011011010110110110101110101100
110110110110101101101101111010110
11011011011010110110110111101010
1101101101101011011011011110101100
11011011011010110101110101011010110
1101101101101011010111010101101010
110110110110101101011101010110101100
1101101101101011010111011011010110
110110110110101101011101101101010
11011011011010110101110110110101100
1101101101101011010111010111010110
110110110110101101011101011101010
11011011011010110101110101110101100
110110110110101101011101111010110
11011011011010110101110111101010
1101101101101011010111011110101100
1101101101101011011110101011010110
110110110110101101111010101101010
11011011011010110111101010110101100
110110110110101101111011011010110
11011011011010110111101101101010
1101101101101011011110110110101100
110110110110101101111010111010110
11011011011010110111101011101010
1101101101101011011110101110101100
11011011011010110111101111010110
1101101101101011011110111101010
110110110110101101111011110101100
110110101110101101010110101011010110
11011010111010110101011010101101010
1101101011101011010101101010110101100
11011010111010110101011011011010110
1101101011101011010101101101101010
110110101110101101010110110110101100
11011010111010110101011010111010110
1101101011101011010101101011101010
110110101110101101010110101110101100
1101101011101011010101101111010110
110110101110101101010110111101010
11011010111010110101011011110101100
11011010111010110110110101011010110
1101101011101011011011010101101010
110110101110101101101101010110101100
1101101011101011011011011011010110
110110101110101101101101101101010
11011010111010110110110110110101100
1101101011101011011011010111010110
110110101110101101101101011101010
11011010111010110110110101110101100
110110101110101101101101111010110
11011010111010110110110111101010
1101101011101011011011011110101100
11011010111010110101110101011010110
1101101011101011010111010101101010
110110101110101101011101010110101100
1101101011101011010111011011010110
110110101110101101011101101101010
11011010111010110101110110110101100
1101101011101011010111010111010110
110110101110101101011101011101010
11011010111010110101110101110101100
110110101110101101011101111010110
11011010111010110101110111101010
1101101011101011010111011110101100
1101101011101011011110101011010110
110110101110101101111010101101010
11011010111010110111101010110101100
110110101110101101111011011010110
11011010111010110111101101101010
1101101011101011011110110110101100
110110101110101101111010111010110
11011010111010110111101011101010
1101101011101011011110101110101100
11011010111010110111101111010110
1101101011101011011110111101010
110110101110101101111011110101100
11011011110101101010110101011010110
1101101111010110101011010101101010
110110111101011010101101010110101100
1101101111010110101011011011010110
110110111101011010101101101101010
11011011110101101010110110110101100
1101101111010110101011010111010110
110110111101011010101101011101010
11011011110101101010110101110101100
110110111101011010101101111010110
11011011110101101010110111101010
1101101111010110101011011110101100
1101101111010110110110101011010110
110110111101011011011010101101010
11011011110101101101101010110101100
110110111101011011011011011010110
11011011110101101101101101101010
1101101111010110110110110110101100
110110111101011011011010111010110
11011011110101101101101011101010
1101101111010110110110101110101100
11011011110101101101101111010110
1101101111010110110110111101010
110110111101011011011011110101100
1101101111010110101110101011010110
110110111101011010111010101101010
11011011110101101011101010110101100
110110111101011010111011011010110
11011011110101101011101101101010
1101101111010110101110110110101100
110110111101011010111010111010110
11011011110101101011101011101010
1101101111010110101110101110101100
11011011110101101011101111010110
1101101111010110101110111101010
110110111101011010111011110101100
110110111101011011110101011010110
11011011110101101111010101101010
1101101111010110111101010110101100
11011011110101101111011011010110
1101101111010110111101101101010
110110111101011011110110110101100
11011011110101101111010111010110
1101101111010110111101011101010
110110111101011011110101110101100
1101101111010110111101111010110
110110111101011011110111101010
11011011110101101111011110101100
1011101010110101101010110101011010110
101110101011010110101011010101101010
10111010101101011010101101010110101100
101110101011010110101011011011010110
10111010101101011010101101101101010
1011101010110101101010110110110101100
101110101011010110101011010111010110
10111010101101011010101101011101010
1011101010110101101010110101110101100
10111010101101011010101101111010110
1011101010110101101010110111101010
101110101011010110101011011110101100
101110101011010110110110101011010110
10111010101101011011011010101101010
1011101010110101101101101010110101100
10111010101101011011011011011010110
1011101010110101101101101101101010
101110101011010110110110110110101100
10111010101101011011011010111010110
1011101010110101101101101011101010
101110101011010110110110101110101100
1011101010110101101101101111010110
101110101011010110110110111101010
10111010101101011011011011110101100
101110101011010110101110101011010110
10111010101101011010111010101101010
1011101010110101101011101010110101100
10111010101101011010111011011010110
1011101010110101101011101101101010
101110101011010110101110110110101100
10111010101101011010111010111010110
1011101010110101101011101011101010
101110101011010110101110101110101100
1011101010110101101011101111010110
101110101011010110101110111101010
10111010101101011010111011110101100
10111010101101011011110101011010110
1011101010110101101111010101101010
101110101011010110111101010110101100
1011101010110101101111011011010110
101110101011010110111101101101010
10111010101101011011110110110101100
1011101010110101101111010111010110
101110101011010110111101011101010
10111010101101011011110101110101100
101110101011010110111101111010110
10111010101101011011110111101010
1011101010110101101111011110101100
101110110110101101010110101011010110
10111011011010110101011010101101010
1011101101101011010101101010110101100
10111011011010110101011011011010110
1011101101101011010101101101101010
101110110110101101010110110110101100
10111011011010110101011010111010110
1011101101101011010101101011101010
101110110110101101010110101110101100
1011101101101011010101101111010110
101110110110101101010110111101010
10111011011010110101011011110101100
10111011011010110110110101011010110
1011101101101011011011010101101010
101110110110101101101101010110101100
1011101101101011011011011011010110
101110110110101101101101101101010
10111011011010110110110110110101100
1011101101101011011011010111010110
101110110110101101101101011101010
10111011011010110110110101110101100
101110110110101101101101111010110
10111011011010110110110111101010
1011101101101011011011011110101100
10111011011010110101110101011010110
1011101101101011010111010101101010
101110110110101101011101010110101100
1011101101101011010111011011010110
101110110110101101011101101101010
10111011011010110101110110110101100
1011101101101011010111010111010110
101110110110101101011101011101010
10111011011010110101110101110101100
101110110110101101011101111010110
10111011011010110101110111101010
1011101101101011010111011110101100
1011101101101011011110101011010110
101110110110101101111010101101010
10111011011010110111101010110101100
101110110110101101111011011010110
10111011011010110111101101101010
1011101101101011011110110110101100
101110110110101101111010111010110
10111011011010110111101011101010
1011101101101011011110101110101100
10111011011010110111101111010110
1011101101101011011110111101010
101110110110101101111011110101100
101110101110101101010110101011010110
10111010111010110101011010101101010
1011101011101011010101101010110101100
10111010111010110101011011011010110
1011101011101011010101101101101010
101110101110101101010110110110101100
10111010111010110101011010111010110
1011101011101011010101101011101010
101110101110101101010110101110101100
1011101011101011010101101111010110
101110101110101101010110111101010
10111010111010110101011011110101100
10111010111010110110110101011010110
1011101011101011011011010101101010
101110101110101101101101010110101100
1011101011101011011011011011010110
101110101110101101101101101101010
10111010111010110110110110110101100
1011101011101011011011010111010110
101110101110101101101101011101010
10111010111010110110110101110101100
101110101110101101101101111010110
10111010111010110110110111101010
1011101011101011011011011110101100
10111010111010110101110101011010110
1011101011101011010111010101101010
101110101110101101011101010110101100
1011101011101011010111011011010110
101110101110101101011101101101010
10111010111010110101110110110101100
1011101011101011010111010111010110
101110101110101101011101011101010
10111010111010110101110101110101100
101110101110101101011101111010110
10111010111010110101110111101010
1011101011101011010111011110101100
1011101011101011011110101011010110
101110101110101101111010101101010
10111010111010110111101010110101100
101110101110101101111011011010110
10111010111010110111101101101010
1011101011101011011110110110101100
101110101110101101111010111010110
10111010111010110111101011101010
1011101011101011011110101110101100
10111010111010110111101111010110
1011101011101011011110111101010
101110101110101101111011110101100
10111011110101101010110101011010110
1011101111010110101011010101101010
101110111101011010101101010110101100
1011101111010110101011011011010110
101110111101011010101101101101010
10111011110101101010110110110101100
1011101111010110101011010111010110
101110111101011010101101011101010
10111011110101101010110101110101100
101110111101011010101101111010110
10111011110101101010110111101010
1011101111010110101011011110101100
1011101111010110110110101011010110
101110111101011011011010101101010
10111011110101101101101010110101100
101110111101011011011011011010110
10111011110101101101101101101010
1011101111010110110110110110101100
101110111101011011011010111010110
10111011110101101101101011101010
1011101111010110110110101110101100
10111011110101101101101111010110
1011101111010110110110111101010
101110111101011011011011110101100
1011101111010110101110101011010110
101110111101011010111010101101010
10111011110101101011101010110101100
101110111101011010111011011010110
10111011110101101011101101101010
1011101111010110101110110110101100
101110111101011010111010111010110
10111011110101101011101011101010
1011101111010110101110101110101100
10111011110101101011101111010110
1011101111010110101110111101010
101110111101011010111011110101100
101110111101011011110101011010110
10111011110101101111010101101010
1011101111010110111101010110101100
10111011110101101111011011010110
1011101111010110111101101101010
101110111101011011110110110101100
10111011110101101111010111010110
1011101111010110111101011101010
101110111101011011110101110101100
1011101111010110111101111010110
101110111101011011110111101010
10111011110101101111011110101100
111101010110101101010110101011010110
11110101011010110101011010101101010
1111010101101011010101101010110101100
11110101011010110101011011011010110
1111010101101011010101101101101010
111101010110101101010110110110101100
11110101011010110101011010111010110
1111010101101011010101101011101010
111101010110101101010110101110101100
1111010101101011010101101111010110
111101010110101101010110111101010
11110101011010110101011011110101100
11110101011010110110110101011010110
1111010101101011011011010101101010
111101010110101101101101010110101100
1111010101101011011011011011010110
111101010110101101101101101101010
11110101011010110110110110110101100
1111010101101011011011010111010110
111101010110101101101101011101010
11110101011010110110110101110101100
111101010110101101101101111010110
11110101011010110110110111101010
1111010101101011011011011110101100
11110101011010110101110101011010110
1111010101101011010111010101101010
111101010110101101011101010110101100
1111010101101011010111011011010110
111101010110101101011101101101010
11110101011010110101110110110101100
1111010101101011010111010111010110
111101010110101101011101011101010
11110101011010110101110101110101100
111101010110101101011101111010110
11110101011010110101110111101010
1111010101101011010111011110101100
1111010101101011011110101011010110
111101010110101101111010101101010
11110101011010110111101010110101100
111101010110101101111011011010110
11110101011010110111101101101010
1111010101101011011110110110101100
111101010110101101111010111010110
11110101011010110111101011101010
1111010101101011011110101110101100
11110101011010110111101111010110
1111010101101011011110111101010
111101010110101101111011110101100
11110110110101101010110101011010110
1111011011010110101011010101101010
111101101101011010101101010110101100
1111011011010110101011011011010110
111101101101011010101101101101010
11110110110101101010110110110101100
1111011011010110101011010111010110
111101101101011010101101011101010
11110110110101101010110101110101100
111101101101011010101101111010110
11110110110101101010110111101010
1111011011010110101011011110101100
1111011011010110110110101011010110
111101101101011011011010101101010
11110110110101101101101010110101100
111101101101011011011011011010110
11110110110101101101101101101010
1111011011010110110110110110101100
111101101101011011011010111010110
11110110110101101101101011101010
1111011011010110110110101110101100
11110110110101101101101111010110
1111011011010110110110111101010
111101101101011011011011110101100
1111011011010110101110101011010110
111101101101011010111010101101010
11110110110101101011101010110101100
111101101101011010111011011010110
11110110110101101011101101101010
1111011011010110101110110110101100
111101101101011010111010111010110
11110110110101101011101011101010
1111011011010110101110101110101100
11110110110101101011101111010110
1111011011010110101110111101010
111101101101011010111011110101100
111101101101011011110101011010110
11110110110101101111010101101010
1111011011010110111101010110101100
11110110110101101111011011010110
1111011011010110111101101101010
111101101101011011110110110101100
11110110110101101111010111010110
1111011011010110111101011101010
111101101101011011110101110101100
1111011011010110111101111010110
111101101101011011110111101010
11110110110101101111011110101100
11110101110101101010110101011010110
1111010111010110101011010101101010
111101011101011010101101010110101100
1111010111010110101011011011010110
111101011101011010101101101101010
11110101110101101010110110110101100
1111010111010110101011010111010110
111101011101011010101101011101010
11110101110101101010110101110101100
111101011101011010101101111010110
11110101110101101010110111101010
1111010111010110101011011110101100
1111010111010110110110101011010110
111101011101011011011010101101010
11110101110101101101101010110101100
111101011101011011011011011010110
11110101110101101101101101101010
1111010111010110110110110110101100
111101011101011011011010111010110
11110101110101101101101011101010
1111010111010110110110101110101100
11110101110101101101101111010110
1111010111010110110110111101010
111101011101011011011011110101100
1111010111010110101110101011010110
111101011101011010111010101101010
11110101110101101011101010110101100
111101011101011010111011011010110
11110101110101101011101101101010
1111010111010110101110110110101100
111101011101011010111010111010110
11110101110101101011101011101010
1111010111010110101110101110101100
11110101110101101011101111010110
1111010111010110101110111101010
111101011101011010111011110101100
111101011101011011110101011010110
11110101110101101111010101101010
1111010111010110111101010110101100
11110101110101101111011011010110
1111010111010110111101101101010
111101011101011011110110110101100
11110101110101101111010111010110
1111010111010110111101011101010
111101011101011011110101110101100
1111010111010110111101111010110
111101011101011011110111101010
11110101110101101111011110101100
1111011110101101010110101011010110
111101111010110101011010101101010
11110111101011010101101010110101100
111101111010110101011011011010110
11110111101011010101101101101010
1111011110101101010110110110101100
111101111010110101011010111010110
11110111101011010101101011101010
1111011110101101010110101110101100
11110111101011010101101111010110
1111011110101101010110111101010
111101111010110101011011110101100
111101111010110110110101011010110
11110111101011011011010101101010
1111011110101101101101010110101100
11110111101011011011011011010110
1111011110101101101101101101010
111101111010110110110110110101100
11110111101011011011010111010110
1111011110101101101101011101010
111101111010110110110101110101100
1111011110101101101101111010110
111101111010110110110111101010
11110111101011011011011110101100
111101111010110101110101011010110
11110111101011010111010101101010
1111011110101101011101010110101100
11110111101011010111011011010110
1111011110101101011101101101010
111101111010110101110110110101100
11110111101011010111010111010110
1111011110101101011101011101010
111101111010110101110101110101100
1111011110101101011101111010110
111101111010110101110111101010
11110111101011010111011110101100
11110111101011011110101011010110
1111011110101101111010101101010
111101111010110111101010110101100
1111011110101101111011011010110
111101111010110111101101101010
11110111101011011110110110101100
1111011110101101111010111010110
111101111010110111101011101010
11110111101011011110101110101100
111101111010110111101111010110
11110111101011011110111101010
1111011110101101111011110101100
101011010101101110101011010101101010
101011010101101110101011010101101110
10101101010110111010101101101101010
10101101010110111010101101101101110
10101101010110111010101101011101010
10101101010110111010101101011101110
1010110101011011101010110111101010
1010110101011011101010110111101110
10101101010110111011011010101101010
10101101010110111011011010101101110
1010110101011011101101101101101010
1010110101011011101101101101101110
1010110101011011101101101011101010
1010110101011011101101101011101110
101011010101101110110110111101010
101011010101101110110110111101110
10101101010110111010111010101101010
10101101010110111010111010101101110
1010110101011011101011101101101010
1010110101011011101011101101101110
1010110101011011101011101011101010
1010110101011011101011101011101110
101011010101101110101110111101010
101011010101101110101110111101110
1010110101011011101111010101101010
1010110101011011101111010101101110
101011010101101110111101101101010
101011010101101110111101101101110
101011010101101110111101011101010
101011010101101110111101011101110
10101101010110111011110111101010
10101101010110111011110111101110
10101101101101110101011010101101010
10101101101101110101011010101101110
1010110110110111010101101101101010
1010110110110111010101101101101110
1010110110110111010101101011101010
1010110110110111010101101011101110
101011011011011101010110111101010
101011011011011101010110111101110
1010110110110111011011010101101010
1010110110110111011011010101101110
101011011011011101101101101101010
101011011011011101101101101101110
101011011011011101101101011101010
101011011011011101101101011101110
10101101101101110110110111101010
10101101101101110110110111101110
1010110110110111010111010101101010
1010110110110111010111010101101110
101011011011011101011101101101010
101011011011011101011101101101110
101011011011011101011101011101010
101011011011011101011101011101110
10101101101101110101110111101010
10101101101101110101110111101110
101011011011011101111010101101010
101011011011011101111010101101110
10101101101101110111101101101010
10101101101101110111101101101110
10101101101101110111101011101010
10101101101101110111101011101110
1010110110110111011110111101010
1010110110110111011110111101110
10101101011101110101011010101101010
10101101011101110101011010101101110
1010110101110111010101101101101010
1010110101110111010101101101101110
1010110101110111010101101011101010
1010110101110111010101101011101110
101011010111011101010110111101010
101011010111011101010110111101110
1010110101110111011011010101101010
1010110101110111011011010101101110
101011010111011101101101101101010
101011010111011101101101101101110
101011010111011101101101011101010
101011010111011101101101011101110
10101101011101110110110111101010
10101101011101110110110111101110
1010110101110111010111010101101010
1010110101110111010111010101101110
101011010111011101011101101101010
101011010111011101011101101101110
101011010111011101011101011101010
101011010111011101011101011101110
10101101011101110101110111101010
10101101011101110101110111101110
101011010111011101111010101101010
101011010111011101111010101101110
10101101011101110111101101101010
10101101011101110111101101101110
10101101011101110111101011101010
10101101011101110111101011101110
1010110101110111011110111101010
1010110101110111011110111101110
1010110111101110101011010101101010
1010110111101110101011010101101110
101011011110111010101101101101010
101011011110111010101101101101110
101011011110111010101101011101010
101011011110111010101101011101110
10101101111011101010110111101010
10101101111011101010110111101110
101011011110111011011010101101010
101011011110111011011010101101110
10101101111011101101101101101010
10101101111011101101101101101110
10101101111011101101101011101010
10101101111011101101101011101110
1010110111101110110110111101010
1010110111101110110110111101110
101011011110111010111010101101010
101011011110111010111010101101110
10101101111011101011101101101010
10101101111011101011101101101110
10101101111011101011101011101010
10101101111011101011101011101110
1010110111101110101110111101010
1010110111101110101110111101110
10101101111011101111010101101010
10101101111011101111010101101110
1010110111101110111101101101010
1010110111101110111101101101110
1010110111101110111101011101010
1010110111101110111101011101110
101011011110111011110111101010
101011011110111011110111101110
11011010101101110101011010101101010
11011010101101110101011010101101110
1101101010110111010101101101101010
1101101010110111010101101101101110
1101101010110111010101101011101010
1101101010110111010101101011101110
110110101011011101010110111101010
110110101011011101010110111101110
1101101010110111011011010101101010
1101101010110111011011010101101110
110110101011011101101101101101010
110110101011011101101101101101110
110110101011011101101101011101010
110110101011011101101101011101110
11011010101101110110110111101010
11011010101101110110110111101110
1101101010110111010111010101101010
1101101010110111010111010101101110
110110101011011101011101101101010
110110101011011101011101101101110
110110101011011101011101011101010
110110101011011101011101011101110
11011010101101110101110111101010
11011010101101110101110111101110
110110101011011101111010101101010
110110101011011101111010101101110
11011010101101110111101101101010
11011010101101110111101101101110
11011010101101110111101011101010
11011010101101110111101011101110
1101101010110111011110111101010
1101101010110111011110111101110
1101101101101110101011010101101010
1101101101101110101011010101101110
110110110110111010101101101101010
110110110110111010101101101101110
110110110110111010101101011101010
110110110110111010101101011101110
11011011011011101010110111101010
11011011011011101010110111101110
110110110110111011011010101101010
110110110110111011011010101101110
11011011011011101101101101101010
11011011011011101101101101101110
11011011011011101101101011101010
11011011011011101101101011101110
1101101101101110110110111101010
1101101101101110110110111101110
110110110110111010111010101101010
110110110110111010111010101101110
11011011011011101011101101101010
11011011011011101011101101101110
11011011011011101011101011101010
11011011011011101011101011101110
1101101101101110101110111101010
1101101101101110101110111101110
11011011011011101111010101101010
11011011011011101111010101101110
1101101101101110111101101101010
1101101101101110111101101101110
1101101101101110111101011101010
1101101101101110111101011101110
110110110110111011110111101010
110110110110111011110111101110
1101101011101110101011010101101010
1101101011101110101011010101101110
110110101110111010101101101101010
110110101110111010101101101101110
110110101110111010101101011101010
110110101110111010101101011101110
11011010111011101010110111101010
11011010111011101010110111101110
110110101110111011011010101101010
110110101110111011011010101101110
11011010111011101101101101101010
11011010111011101101101101101110
11011010111011101101101011101010
11011010111011101101101011101110
1101101011101110110110111101010
1101101011101110110110111101110
110110101110111010111010101101010
110110101110111010111010101101110
11011010111011101011101101101010
11011010111011101011101101101110
11011010111011101011101011101010
11011010111011101011101011101110
1101101011101110101110111101010
1101101011101110101110111101110
11011010111011101111010101101010
11011010111011101111010101101110
1101101011101110111101101101010
1101101011101110111101101101110
1101101011101110111101011101010
1101101011101110111101011101110
110110101110111011110111101010
110110101110111011110111101110
110110111101110101011010101101010
110110111101110101011010101101110
11011011110111010101101101101010
11011011110111010101101101101110
11011011110111010101101011101010
11011011110111010101101011101110
1101101111011101010110111101010
1101101111011101010110111101110
11011011110111011011010101101010
11011011110111011011010101101110
1101101111011101101101101101010
1101101111011101101101101101110
1101101111011101101101011101010
1101101111011101101101011101110
110110111101110110110111101010
110110111101110110110111101110
11011011110111010111010101101010
11011011110111010111010101101110
1101101111011101011101101101010
1101101111011101011101101101110
1101101111011101011101011101010
1101101111011101011101011101110
110110111101110101110111101010
110110111101110101110111101110
1101101111011101111010101101010
1101101111011101111010101101110
110110111101110111101101101010
110110111101110111101101101110
110110111101110111101011101010
110110111101110111101011101110
11011011110111011110111101010
11011011110111011110111101110
10111010101101110101011010101101010
10111010101101110101011010101101110
1011101010110111010101101101101010
1011101010110111010101101101101110
1011101010110111010101101011101010
1011101010110111010101101011101110
101110101011011101010110111101010
101110101011011101010110111101110
1011101010110111011011010101101010
1011101010110111011011010101101110
101110101011011101101101101101010
101110101011011101101101101101110
101110101011011101101101011101010
101110101011011101101101011101110
10111010101101110110110111101010
10111010101101110110110111101110
1011101010110111010111010101101010
1011101010110111010111010101101110
101110101011011101011101101101010
101110101011011101011101101101110
101110101011011101011101011101010
101110101011011101011101011101110
10111010101101110101110111101010
10111010101101110101110111101110
101110101011011101111010101101010
101110101011011101111010101101110
10111010101101110111101101101010
10111010101101110111101101101110
10111010101101110111101011101010
10111010101101110111101011101110
1011101010110111011110111101010
1011101010110111011110111101110
1011101101101110101011010101101010
1011101101101110101011010101101110
101110110110111010101101101101010
101110110110111010101101101101110
101110110110111010101101011101010
101110110110111010101101011101110
10111011011011101010110111101010
10111011011011101010110111101110
101110110110111011011010101101010
101110110110111011011010101101110
10111011011011101101101101101010
10111011011011101101101101101110
10111011011011101101101011101010
10111011011011101101101011101110
1011101101101110110110111101010
1011101101101110110110111101110
101110110110111010111010101101010
101110110110111010111010101101110
10111011011011101011101101101010
10111011011011101011101101101110
10111011011011101011101011101010
10111011011011101011101011101110
1011101101101110101110111101010
1011101101101110101110111101110
10111011011011101111010101101010
10111011011011101111010101101110
1011101101101110111101101101010
1011101101101110111101101101110
1011101101101110111101011101010
1011101101101110111101011101110
101110110110111011110111101010
101110110110111011110111101110
1011101011101110101011010101101010
1011101011101110101011010101101110
101110101110111010101101101101010
101110101110111010101101101101110
101110101110111010101101011101010
101110101110111010101101011101110
10111010111011101010110111101010
10111010111011101010110111101110
101110101110111011011010101101010
101110101110111011011010101101110
10111010111011101101101101101010
10111010111011101101101101101110
10111010111011101101101011101010
10111010111011101101101011101110
1011101011101110110110111101010
1011101011101110110110111101110
101110101110111010111010101101010
101110101110111010111010101101110
10111010111011101011101101101010
10111010111011101011101101101110
10111010111011101011101011101010
10111010111011101011101011101110
1011101011101110101110111101010
1011101011101110101110111101110
10111010111011101111010101101010
10111010111011101111010101101110
1011101011101110111101101101010
1011101011101110111101101101110
1011101011101110111101011101010
1011101011101110111101011101110
101110101110111011110111101010
101110101110111011110111101110
101110111101110101011010101101010
101110111101110101011010101101110
10111011110111010101101101101010
10111011110111010101101101101110
10111011110111010101101011101010
10111011110111010101101011101110
1011101111011101010110111101010
1011101111011101010110111101110
10111011110111011011010101101010
10111011110111011011010101101110
1011101111011101101101101101010
1011101111011101101101101101110
1011101111011101101101011101010
1011101111011101101101011101110
101110111101110110110111101010
101110111101110110110111101110
10111011110111010111010101101010
10111011110111010111010101101110
1011101111011101011101101101010
1011101111011101011101101101110
1011101111011101011101011101010
1011101111011101011101011101110
101110111101110101110111101010
101110111101110101110111101110
1011101111011101111010101101010
1011101111011101111010101101110
101110111101110111101101101010
101110111101110111101101101110
101110111101110111101011101010
101110111101110111101011101110
10111011110111011110111101010
10111011110111011110111101110
1111010101101110101011010101101010
1111010101101110101011010101101110
111101010110111010101101101101010
111101010110111010101101101101110
111101010110111010101101011101010
111101010110111010101101011101110
11110101011011101010110111101010
11110101011011101010110111101110
111101010110111011011010101101010
111101010110111011011010101101110
11110101011011101101101101101010
11110101011011101101101101101110
11110101011011101101101011101010
11110101011011101101101011101110
1111010101101110110110111101010
1111010101101110110110111101110
111101010110111010111010101101010
111101010110111010111010101101110
11110101011011101011101101101010
11110101011011101011101101101110
11110101011011101011101011101010
11110101011011101011101011101110
1111010101101110101110111101010
1111010101101110101110111101110
11110101011011101111010101101010
11110101011011101111010101101110
1111010101101110111101101101010
1111010101101110111101101101110
1111010101101110111101011101010
1111010101101110111101011101110
111101010110111011110111101010
111101010110111011110111101110
111101101101110101011010101101010
111101101101110101011010101101110
11110110110111010101101101101010
11110110110111010101101101101110
11110110110111010101101011101010
11110110110111010101101011101110
1111011011011101010110111101010
1111011011011101010110111101110
11110110110111011011010101101010
11110110110111011011010101101110
1111011011011101101101101101010
1111011011011101101101101101110
1111011011011101101101011101010
1111011011011101101101011101110
111101101101110110110111101010
111101101101110110110111101110
11110110110111010111010101101010
11110110110111010111010101101110
1111011011011101011101101101010
1111011011011101011101101101110
1111011011011101011101011101010
1111011011011101011101011101110
111101101101110101110111101010
111101101101110101110111101110
1111011011011101111010101101010
1111011011011101111010101101110
111101101101110111101101101010
111101101101110111101101101110
111101101101110111101011101010
111101101101110111101011101110
11110110110111011110111101010
11110110110111011110111101110
111101011101110101011010101101010
111101011101110101011010101101110
11110101110111010101101101101010
11110101110111010101101101101110
11110101110111010101101011101010
11110101110111010101101011101110
1111010111011101010110111101010
1111010111011101010110111101110
11110101110111011011010101101010
11110101110111011011010101101110
1111010111011101101101101101010
1111010111011101101101101101110
1111010111011101101101011101010
1111010111011101101101011101110
111101011101110110110111101010
111101011101110110110111101110
11110101110111010111010101101010
11110101110111010111010101101110
1111010111011101011101101101010
1111010111011101011101101101110
1111010111011101011101011101010
1111010111011101011101011101110
111101011101110101110111101010
111101011101110101110111101110
1111010111011101111010101101010
1111010111011101111010101101110
111101011101110111101101101010
111101011101110111101101101110
111101011101110111101011101010
111101011101110111101011101110
11110101110111011110111101010
11110101110111011110111101110
11110111101110101011010101101010
11110111101110101011010101101110
1111011110111010101101101101010
1111011110111010101101101101110
1111011110111010101101011101010
1111011110111010101101011101110
111101111011101010110111101010
111101111011101010110111101110
1111011110111011011010101101010
1111011110111011011010101101110
111101111011101101101101101010
111101111011101101101101101110
111101111011101101101011101010
111101111011101101101011101110
11110111101110110110111101010
11110111101110110110111101110
1111011110111010111010101101010
1111011110111010111010101101110
111101111011101011101101101010
111101111011101011101101101110
111101111011101011101011101010
111101111011101011101011101110
11110111101110101110111101010
11110111101110101110111101110
111101111011101111010101101010
111101111011101111010101101110
11110111101110111101101101010
11110111101110111101101101110
11110111101110111101011101010
11110111101110111101011101110
1111011110111011110111101010
1111011110111011110111101110